0.39548 -0.121289 -0.202728 0.103623 -0.261019 0.385563 0.408478 -0.250547 -0.0384959 0.119765 
-0.280167 0.263631 -0.0352856 -0.0140144 -0.171499 0.464912 -0.245028 0.175519 0.2932 -0.0524977 
0.257734 -0.606453 -0.269201 -0.0942178 0.243342 0.257439 0.511075 0.196814 0.0613989 -0.414937 
-0.430525 -0.349162 -0.433391 0.334493 0.256319 0.503773 -0.0975901 0.0753202 0.28592 -0.330509 
-0.815928 -1.01446 -0.783127 -0.120087 -0.398537 0.385683 0.0198221 -0.433083 -0.367478 0.162549 
-0.681395 -0.329673 -0.544062 0.323497 0.386333 -0.409264 -0.357468 -0.229946 -0.143039 0.0547587 
-0.235259 -0.538856 -0.271419 0.258451 -0.125563 -0.0293219 0.25431 -0.276784 -0.0625155 0.110122 
-0.0625348 0.268129 0.348975 -0.149402 -0.198871 -0.371017 0.00453736 0.409385 -0.40275 -0.444598 
1.26391 2.53331 1.7944 0.544403 -0.0924015 0.306896 0.123827 0.00775174 -0.710213 -0.360119 
1.53967 1.34834 1.47015 -0.29508 -0.367255 0.49228 0.3288 0.0585213 -0.391407 -0.0600018 
2.78878 3.8667 3.30371 0.0517498 0.37025 0.0565475 0.179034 -0.487823 0.208883 0.364321 
1.50923 2.0369 1.75094 0.239066 0.308615 0.19973 -0.296857 -0.388874 -0.458284 -0.372731 
2.01786 1.91439 1.54441 0.194946 0.14221 -0.226274 -0.254504 0.112166 -0.397188 -0.233443 
-1.49765 -2.11894 0.600775 
5.49489 -0.00891358 0.917873 
4.63893 -0.535338 -4.73115 
3.33494 -0.0807836 -5.84898 
-0.977056 -1.87799 0.126092 
-1.52103 -2.34576 0.424317 
-1.00576 -1.5672 0.76083 
-1.43982 -1.16035 0.701125 
-1.19273 -1.46089 0.466353 
-0.884044 -0.85549 0.299166 
0.333992 0.334278 0.40846 
