17.3852 12.651 1
5.28047 8.8966 -1
5.06531 12.5867 -1
3.927 1.04594 1
19.1325 19.5051 1
1.57892 16.9477 1
0.481136 6.45939 1
2.94915 6.28909 1
0.778601 5.94016 1
16.2461 8.30462 -1
15.7262 10.8154 -1
14.9929 5.62012 -1
17.4294 15.2157 1
9.57345 0.969608 1
16.1982 2.82956 1
16.4923 6.70523 1
14.8506 13.8034 -1
13.9949 12.6996 -1
2.75632 5.54408 1
19.2645 17.6683 1
10.3702 12.1175 -1
18.9221 3.90174 1
16.5272 13.2742 1
0.0580269 15.2581 1
3.17929 14.4004 1
7.68222 15.0903 -1
2.71406 15.2477 1
7.90275 1.45076 1
2.90426 11.8498 1
19.4612 4.13599 1
13.6141 11.6431 -1
5.14585 6.24174 -1
4.99447 2.05705 1
12.8701 7.10166 -1
17.6136 11.4039 1
5.00245 16.25 1
13.9854 12.4134 -1
12.0246 16.976 1
16.1406 15.4712 1
4.92564 5.20494 -1
19.4385 3.30721 1
4.30436 3.34666 1
7.32149 12.2994 -1
16.6755 5.14544 1
19.4067 7.78257 1
1.70497 15.3638 1
0.162539 11.7978 1
5.45876 5.29062 -1
19.5269 9.29165 1
4.70905 4.93019 1
1.70066 2.93362 1
5.28688 16.5588 1
3.60185 16.3046 1
11.0828 8.30464 -1
16.1457 1.24088 1
15.4382 9.2672 -1
13.7533 11.428 -1
11.1649 8.11843 -1
6.48553 2.36879 1
12.2037 7.42278 -1
14.5931 6.86854 -1
19.5386 4.63 1
16.3633 18.1669 1
10.3433 0.412187 1
7.61844 3.13489 1
8.07017 15.2979 -1
11.0726 16.6567 -1
9.37617 5.3145 -1
0.744822 18.2163 1
0.878735 8.90523 1
10.1945 19.3456 1
1.89176 14.8053 1
12.3315 15.4518 -1
19.0651 6.28874 1
14.8983 16.3384 1
19.7433 6.1145 1
6.39008 18.0204 1
8.49095 7.40375 -1
14.8678 3.05522 1
9.12255 2.67262 1
18.695 7.42004 1
8.62746 1.76197 1
13.4724 9.84819 -1
18.4799 11.4529 1
8.84428 5.73437 -1
17.5536 3.51231 1
11.3387 9.44975 -1
2.02109 8.42861 1
19.5705 0.733004 1
19.6052 5.38298 1
11.747 12.4127 -1
19.9191 19.5868 1
16.0525 13.7932 1
1.8735 7.8939 1
12.7079 2.51775 1
15.7957 17.7629 1
1.64811 19.8318 1
12.7167 10.3878 -1
7.08804 8.71153 -1
14.6837 8.11734 -1
8.17058 2.89849 1
14.8529 12.7301 -1
14.0148 7.33906 -1
7.60948 12.5742 -1
14.0862 7.23949 -1
14.1217 2.99493 1
15.7541 18.8647 1
19.2903 12.0934 1
14.1299 1.66927 1
15.4069 3.78395 1
16.7668 0.185714 1
1.29819 18.6377 1
4.28403 1.69747 1
9.333 19.8065 1
7.27657 17.2703 1
2.67037 0.924192 1
12.9007 1.78202 1
10.3603 5.50788 -1
10.919 16.4576 -1
2.44282 16.4601 1
4.34927 18.1774 1
8.15907 9.48182 -1
0.987138 10.8242 1
2.32555 5.52797 1
8.51653 17.3331 1
18.0605 2.6857 1
18.6256 19.743 1
0.019636 10.0222 1
2.81967 10.1142 1
9.58994 18.2119 1
6.5899 16.4356 1
13.8036 17.2554 1
11.3422 7.93355 -1
19.189 10.0956 1
16.0653 9.15732 -1
7.15855 13.8048 -1
16.9622 3.49272 1
2.13484 0.221217 1
17.9994 15.2965 1
7.50095 8.51563 -1
2.15468 13.6742 1
1.72384 12.5597 1
10.9627 10.5737 -1
11.6935 12.5878 -1
2.66473 6.18756 1
14.2828 10.4779 -1
2.24339 4.65245 1
13.7604 10.7872 -1
0.818071 9.3267 1
13.7825 2.22984 1
16.8585 0.160201 1
12.5036 8.42431 -1
7.42527 16.4636 -1
3.51208 7.56388 -1
6.14378 18.4621 1
12.297 15.2765 -1
12.3383 9.04595 -1
15.3527 13.5046 -1
11.3351 9.19704 -1
14.6823 4.84673 -1
18.9728 16.2577 1
2.89665 3.93702 1
9.52857 6.75899 -1
18.4149 19.8129 1
15.6172 17.5024 1
2.25762 3.87341 1
0.423525 18.1775 1
9.92345 3.36078 -1
4.65097 8.90994 -1
9.37155 7.68693 -1
14.2548 0.594909 1
18.6422 19.8522 1
15.3339 16.9699 1
12.8473 3.95878 -1
15.2107 5.7258 -1
13.5071 13.691 -1
3.81421 5.34967 1
11.8417 3.29566 -1
10.2365 5.53692 -1
19.0528 0.919178 1
8.63025 8.64819 -1
10.0536 10.2124 -1
19.6902 13.4188 1
9.53773 0.621188 1
0.299424 12.4204 1
9.5397 13.6956 -1
1.62287 15.6241 1
14.1702 18.6962 1
7.52348 7.11311 -1
10.041 18.8932 1
18.3956 14.5626 1
14.0177 15.0652 -1
0.826114 4.50155 1
17.6287 5.7853 1
13.515 6.70996 -1
14.2613 9.86308 -1
8.7329 13.7822 -1
17.4968 8.0657 1
0.285551 19.2498 1
12.1098 9.66774 -1
5.76149 13.2859 -1
16.2695 1.26803 1
11.7457 10.0518 -1
0.673797 4.50869 1
17.5875 13.8638 1
9.20306 15.78 -1
14.7481 11.1707 -1
6.02882 6.3073 -1
6.74315 12.1221 -1
16.0483 4.08104 1
10.0717 14.3833 -1
0.0418631 3.59326 1
11.8769 15.3711 -1
2.80096 15.7842 1
5.29702 6.99285 -1
8.86047 17.8455 1
9.14067 7.15704 -1
8.45048 7.14372 -1
4.49094 19.1675 1
7.4789 17.8193 1
9.55777 17.3642 1
19.8793 11.049 1
0.343931 0.444888 1
17.2244 11.1535 1
16.2608 14.9472 1
17.0431 3.62068 1
12.8454 12.1701 -1
2.91506 13.3644 1
15.9203 11.6921 -1
8.52873 2.3502 1
19.8666 17.9122 1
10.7134 19.8087 1
4.79775 15.7343 1
5.70604 1.38666 1
5.59028 15.9131 1
11.6594 18.7335 1
13.7479 1.13929 1
8.10272 2.43104 1
18.4116 3.78973 1
13.9298 18.1487 1
5.36428 17.4685 1
13.6384 0.583077 1
19.7753 3.07074 1
9.88168 1.32873 1
11.932 1.68847 1
18.0989 8.31124 1
6.93628 18.0621 1
9.71548 8.05371 -1
18.7321 10.8073 1
17.5747 17.7823 1
7.16434 11.0853 -1
10.6228 16.7508 -1
9.89062 11.7395 -1
5.65195 12.3489 -1
7.31327 14.1528 -1
5.30036 3.13703 1
4.12202 18.8574 1
16.765 10.1434 -1
0.344621 12.0479 1
9.88763 1.37994 1
12.6004 14.3427 -1
17.1744 10.0869 1
10.52 9.84954 -1
1.21486 18.2044 1
1.85683 7.6756 1
3.75691 2.43185 1
12.1852 17.1431 1
3.73633 16.5159 1
2.4254 3.74055 1
7.45848 14.5983 -1
13.5199 9.0983 -1
15.1878 2.20193 1
7.84466 5.14579 -1
5.23042 7.68149 -1
2.73732 6.10001 1
2.91924 3.70752 1
12.2986 2.10374 1
17.5685 12.9694 1
16.2749 13.041 -1
19.634 8.7325 1
7.15875 17.0667 1
19.2815 4.6789 1
18.3368 6.95043 1
15.809 2.5516 1
4.73765 5.67165 -1
3.45985 9.67002 -1
4.07939 2.29666 1
19.927 12.3139 1
0.140074 14.2281 1
11.1148 6.16248 -1
12.7905 10.2823 -1
15.3744 18.3377 1
1.08266 16.2238 1
14.194 18.4539 1
14.1276 2.44178 1
19.0744 3.67593 1
1.40261 13.583 1
9.68529 0.671445 1
4.97285 18.6662 1
2.90611 3.02363 1
18.1482 16.1433 1
19.6465 19.4478 1
18.9976 13.4162 1
5.35741 1.91485 1
2.91931 4.90668 1
6.51847 15.9512 -1
11.9417 3.56549 -1
5.20148 1.21707 1
15.2859 10.5278 -1
0.804263 17.255 1
4.25806 5.18924 1
15.4756 18.3421 1
16.4727 16.0602 1
4.25374 12.6177 -1
5.02748 16.871 1
11.3944 5.29788 -1
1.40668 2.00489 1
16.1674 5.08863 1
4.57819 5.58394 -1
9.2134 9.63999 -1
19.3581 11.3854 1
13.5954 18.6902 1
6.24212 11.3352 -1
11.3422 9.19 -1
16.2655 14.974 1
7.75746 19.6096 1
18.8663 6.34747 1
1.90383 17.7377 1
17.7324 7.64474 1
5.10373 18.4731 1
17.7076 11.2465 1
0.223716 19.9963 1
17.5907 6.10828 1
1.81554 13.772 1
6.18474 6.89802 -1
14.9396 9.82016 -1
7.42872 14.5215 -1
2.3936 9.1892 1
2.89842 13.6933 1
4.09136 3.5303 1
13.7355 12.8156 -1
11.5811 3.95589 -1
6.64304 9.56619 -1
18.8955 16.0863 1
2.13503 3.46462 1
9.88953 13.2541 -1
1.28862 17.9142 1
3.22068 9.90402 -1
16.8398 6.57621 1
6.39266 1.50462 1
8.22641 1.24651 1
10.0388 1.75835 1
12.6369 8.20566 -1
12.5257 19.7664 1
14.5205 5.32476 -1
13.1655 13.027 -1
5.27463 10.7126 -1
6.68247 12.2502 -1
9.59998 6.87778 -1
14.8314 11.6222 -1
13.6237 13.3335 -1
16.3875 5.5167 1
19.125 13.3518 1
3.97184 14.7593 1
19.0047 11.3595 1
19.8247 14.1203 1
0.4074 7.17448 1
1.45644 18.3176 1
3.22487 0.401448 1
7.1433 17.5248 1
0.0129883 18.2937 1
2.50991 4.09509 1
6.17162 6.40728 -1
7.1418 12.199 -1
8.99207 9.69531 -1
9.02901 10.6255 -1
3.00303 11.911 1
8.0726 16.2016 -1
0.16852 12.3126 1
18.4257 0.00410758 1
9.03625 12.1985 -1
19.435 3.64069 1
9.14587 14.6034 -1
19.6187 12.0902 1
0.00995663 7.34124 1
4.1555 1.42968 1
8.69875 19.8955 1
4.01349 14.8114 1
15.294 5.54661 -1
1.787 14.0403 1
15.431 8.36028 -1
11.1871 1.71126 1
1.21784 8.20851 1
0.462075 6.08806 1
2.0068 8.20978 1
1.83933 13.6641 1
12.6081 3.52612 -1
3.58229 7.54401 -1
12.1546 1.76837 1
0.957048 5.1077 1
5.0691 16.4237 1
12.942 16.7533 1
12.3175 0.719772 1
17.2157 3.88702 1
9.16263 16.281 -1
15.1058 2.34447 1
3.52399 7.74018 -1
9.19716 16.6847 -1
0.105203 8.15056 1
6.48044 16.722 1
6.83444 6.36408 -1
1.08545 3.19333 1
10.3373 18.4587 1
15.3753 13.0511 -1
9.49361 19.1175 1
7.26901 10.2049 -1
13.0187 5.37938 -1
11.1648 7.33298 -1
5.35312 9.81865 -1
2.07645 18.9028 1
19.8492 5.47086 1
8.67558 10.4427 -1
10.5843 9.89836 -1
1.71623 4.73005 1
17.9614 17.7252 1
7.35876 18.7457 1
18.4826 17.062 1
1.08921 6.4221 1
16.2354 8.52039 -1
2.27212 7.5961 1
7.6224 9.74919 -1
14.5847 5.10983 -1
0.843437 15.6533 1
4.86979 6.5063 -1
11.3597 3.16048 -1
18.1564 14.5078 1
13.0337 17.5084 1
3.10196 14.5812 1
6.12107 16.8574 1
2.33095 16.2685 1
3.93982 16.5597 1
19.42 12.5897 1
15.2237 4.43228 1
13.32 8.41073 -1
19.1938 9.90105 1
6.89098 16.6277 1
2.55378 1.32467 1
3.78518 17.4443 1
5.65274 5.67153 -1
1.45927 5.98062 1
16.2469 2.14994 1
13.9657 1.96672 1
14.5953 2.82914 1
9.36752 19.9644 1
1.98947 17.0693 1
4.01267 1.01477 1
15.2195 14.2604 -1
14.9884 10.6435 -1
5.41895 16.229 1
1.30962 10.8352 1
7.19316 15.4062 -1
12.5047 7.13732 -1
16.9075 3.90106 1
5.15051 4.68388 1
1.93747 3.08035 1
11.4123 6.5688 -1
1.74631 10.1833 1
10.2867 8.26643 -1
13.9428 17.0357 1
18.4385 16.447 1
5.49002 10.747 -1
4.0234 1.25167 1
16.8193 1.6916 1
10.6826 1.77146 1
12.8629 7.39546 -1
15.5749 6.65563 -1
1.15865 13.4897 1
0.680295 13.7177 1
13.2525 15.4176 -1
3.97091 19.1555 1
6.85493 10.8045 -1
10.7107 14.7684 -1
12.7193 12.4413 -1
1.71583 17.9014 1
8.61052 16.9695 1
5.94566 8.67568 -1
12.2133 9.69346 -1
18.0465 6.72208 1
17.9898 15.2877 1
1.09917 13.7123 1
2.76453 3.40338 1
0.572015 13.8492 1
4.022 17.8297 1
3.68071 1.64386 1
8.43275 9.26005 -1
13.706 16.9725 1
17.1367 16.3019 1
5.72897 6.82235 -1
3.30361 3.72638 1
9.29736 0.782424 1
10.2023 10.3938 -1
8.49306 2.78645 1
11.9465 4.49265 -1
8.02297 2.04227 1
4.41805 14.2482 1
8.85784 13.6409 -1
2.66719 7.40044 1
19.1214 12.5441 1
7.97309 3.64794 -1
10.9397 3.03174 1
14.5306 16.2702 1
13.1032 5.81969 -1
11.5321 0.576294 1
5.78045 12.0483 -1
15.6734 2.0052 1
1.39085 16.0392 1
10.6823 17.855 1
8.72299 7.38013 -1
17.8758 19.2747 1
9.60263 11.4228 -1
3.19868 0.210283 1
14.2336 3.308 1
17.63 7.47702 1
6.27938 17.5331 1
18.14 18.1936 1
0.392907 3.5814 1
12.5233 19.57 1
13.8098 1.27786 1
16.915 9.84033 -1
6.51447 8.62283 -1
3.91934 12.3239 -1
8.19257 12.5378 -1
1.95615 16.9852 1
10.5726 13.3067 -1
5.60057 8.85709 -1
1.08662 2.90123 1
0.903103 18.4447 1
0.618525 15.5423 1
19.3791 4.04734 1
3.66714 13.6562 1
0.58769 17.3008 1
14.308 14.4096 -1
2.76752 13.7003 1
1.3213 7.01285 1
4.95982 19.7576 1
6.78756 18.5744 1
0.422178 15.5418 1
11.0711 11.4237 -1
18.3934 18.1952 1
6.85449 3.36613 1
14.5661 12.3581 -1
2.46087 19.8036 1
18.526 5.75724 1
2.00631 0.0794385 1
15.1235 0.631196 1
8.505 3.60921 -1
0.0211647 15.7149 1
0.332093 1.49013 1
4.58903 7.80952 -1
14.5651 16.3835 1
18.0507 18.6683 1
18.5687 3.89362 1
0.0319136 16.3724 1
10.7726 15.1513 -1
8.14124 9.84881 -1
8.87581 15.7276 -1
14.5059 19.8776 1
2.93041 11.3787 1
1.64331 19.0305 1
5.02289 19.6961 1
13.05 11.8884 -1
7.49379 8.20884 -1
5.9061 3.77349 1
1.06891 5.24155 1
14.7297 1.67411 1
16.8431 1.82318 1
2.16219 19.9224 1
16.1997 7.79678 -1
0.451804 13.4678 1
12.9824 15.8782 -1
4.4536 11.6116 -1
16.2442 16.1802 1
0.45951 2.98574 1
1.3154 7.90675 1
8.79479 14.0022 -1
14.302 13.7704 -1
18.3498 4.86222 1
19.2749 13.107 1
8.78283 13.0377 -1
5.39335 6.09178 -1
4.47327 2.32736 1
15.9426 8.03806 -1
15.6241 15.0302 1
12.0684 13.4363 -1
3.58961 10.505 -1
18.1286 7.65801 1
8.21771 15.1067 -1
19.1206 0.0343888 1
17.9725 4.10094 1
4.5688 7.87946 -1
10.1672 0.155634 1
15.7398 18.4446 1
18.4073 10.8556 1
10.6513 17.0391 1
15.6119 8.92774 -1
8.60182 10.8637 -1
5.90149 6.27882 -1
8.09055 17.7986 1
0.372405 19.0087 1
19.9095 18.265 1
0.240586 3.5289 1
10.1642 9.93601 -1
14.5838 10.6616 -1
8.93275 12.668 -1
10.8612 4.90931 -1
10.8059 14.0945 -1
6.00258 5.41301 -1
16.4785 14.3231 1
8.53748 9.45574 -1
2.54783 1.33294 1
2.80403 7.39051 1
12.3183 12.9269 -1
1.96536 11.7323 1
4.11939 14.6519 1
14.507 19.7142 1
15.9775 13.5162 -1
7.09468 0.215065 1
14.5974 18.0395 1
9.98411 2.97266 1
1.41399 4.9044 1
8.25441 11.9204 -1
6.84881 8.0325 -1
2.2457 3.48001 1
8.5119 19.4633 1
19.1606 11.5236 1
16.581 16.2162 1
6.18261 11.1451 -1
16.1235 8.25099 -1
14.3771 15.2615 -1
19.9011 17.1507 1
12.3669 11.0944 -1
3.92255 6.32978 1
4.69965 7.06356 -1
17.1915 17.307 1
18.4378 4.68088 1
11.5793 13.7056 -1
9.41506 18.9869 1
13.5786 14.8156 -1
5.46722 7.55492 -1
15.5632 10.3722 -1
5.00109 13.3543 -1
5.44769 19.2675 1
9.40964 7.73367 -1
19.7994 8.32828 1
13.351 10.7415 -1
12.7592 3.3196 1
12.4845 7.46522 -1
7.99503 12.4246 -1
19.9479 4.4683 1
18.6708 0.632916 1
17.4128 16.845 1
14.0634 4.18818 1
10.7109 17.8991 1
10.4653 9.68233 -1
10.9416 15.4517 -1
16.6642 15.7569 1
5.4097 0.823946 1
8.06558 18.1945 1
14.9836 9.47983 -1
7.5255 1.01099 1
11.7705 6.88893 -1
2.19298 17.332 1
18.8039 16.5887 1
6.8424 0.26637 1
16.8873 5.32341 1
10.4824 17.0557 1
14.3693 5.03525 -1
7.39828 2.84049 1
0.188806 13.2689 1
10.0584 11.2019 -1
9.5525 8.86235 -1
9.52491 5.16876 -1
11.2681 3.28147 -1
11.712 3.10617 1
5.42408 2.50254 1
0.224952 0.768097 1
9.40341 3.08181 -1
15.9577 0.641482 1
1.38199 7.07302 1
16.2073 16.825 1
17.15 19.7153 1
14.9984 17.695 1
0.0455256 5.14969 1
10.7805 7.68759 -1
5.33757 8.62594 -1
16.2269 5.13098 1
16.3635 0.69446 1
11.7874 10.707 -1
13.265 5.64188 -1
3.12898 8.82711 -1
17.2215 2.22394 1
17.7938 1.14544 1
11.4563 6.78445 -1
6.28755 14.8749 -1
2.16896 13.7507 1
8.09798 2.72385 1
19.7005 6.72215 1
19.1802 2.18532 1
8.66867 14.3974 -1
16.6613 7.09562 1
16.0581 9.17267 -1
5.00533 4.61917 1
14.3467 4.87406 -1
18.2619 7.67806 1
5.2207 4.37193 1
18.958 7.196 1
3.24945 13.5267 1
2.92032 1.85593 1
12.6447 0.173272 1
12.1864 16.2609 -1
16.3529 3.86062 1
5.44866 15.5821 1
7.82129 12.3641 -1
3.51839 13.6007 1
6.91248 18.0667 1
6.99336 17.4353 1
15.9077 0.555875 1
2.58759 9.54647 1
7.58663 8.45425 -1
10.5058 11.793 -1
4.74384 9.77395 -1
10.7181 18.7511 1
9.63617 15.0498 -1
1.16471 15.3356 1
5.5942 1.78437 1
9.97628 11.3762 -1
19.2753 19.2144 1
15.6112 17.207 1
17.6103 16.3332 1
11.4639 14.0641 -1
14.8131 3.78132 1
12.5724 4.71136 -1
3.8285 5.55377 1
2.28178 9.82656 1
14.9715 5.79137 -1
15.5743 17.344 1
0.129077 9.38942 1
7.92634 17.914 1
19.9918 2.67414 1
4.30808 5.87779 1
7.9412 7.70271 -1
19.4995 8.81892 1
19.5136 4.8572 1
15.0198 17.7872 1
9.46253 16.6965 -1
18.3883 12.213 1
3.77563 17.0633 1
3.31375 14.2791 1
8.66885 17.3 1
1.3962 5.99751 1
0.219069 1.88568 1
12.5884 12.5264 -1
11.6929 2.32505 1
17.1631 0.928563 1
6.36478 12.7995 -1
1.06236 15.0472 1
18.4572 9.41025 1
18.0236 3.05248 1
3.09379 17.3715 1
2.44993 15.9182 1
16.6401 10.237 -1
12.7937 3.52075 1
13.286 18.2056 1
1.08606 13.3903 1
10.9214 16.633 -1
10.6322 15.4847 -1
11.4175 13.5479 -1
0.108615 5.49202 1
4.39283 10.2361 -1
18.756 12.0824 1
9.35592 4.98295 -1
8.45835 19.4353 -1
9.81601 17.7222 -1
17.4268 12.9188 -1
6.75121 7.56634 -1
7.42521 15.5717 -1
13.4657 18.7814 -1
18.3747 4.30771 -1
19.7081 14.072 -1
8.91512 16.4275 -1
17.7503 9.60782 -1
18.6453 12.3862 -1
14.8446 12.3588 -1
14.3388 12.0739 -1
5.61135 9.88946 -1
12.1872 10.0573 -1
13.7966 0.0346923 -1
3.07421 8.32352 -1
13.4541 3.55446 -1
19.8186 10.8908 -1
2.2433 3.19894 -1
4.56237 19.7668 -1
0.315571 3.79536 -1
8.6824 5.10371 -1
18.1032 1.23171 -1
1.33899 4.41848 -1
1.41665 9.57951 -1
2.77972 18.669 -1
10.2239 12.5985 -1
2.58983 7.32185 -1
18.3979 13.5508 -1
7.9246 8.76246 -1
10.6693 19.0821 -1
13.4697 5.12722 -1
13.1431 16.8571 -1
17.7794 19.1524 -1
14.1086 3.98901 -1
3.30545 14.6853 -1
15.9567 3.86754 -1
1.70217 8.41017 -1
9.7256 18.1157 -1
10.6843 10.8711 -1
11.4053 8.88024 -1
10.1494 0.487086 -1
6.44689 12.8999 -1
8.31597 6.44202 -1
10.9905 17.5021 -1
17.1489 1.26682 -1
11.4934 9.71743 -1
0.781553 15.5623 -1
15.8073 13.1774 -1
11.8497 17.5522 -1
19.4387 6.36388 -1
17.7029 12.5613 -1
17.717 9.87168 -1
13.3753 18.8907 -1
16.8105 13.7868 -1
15.3624 15.9352 -1
3.42081 13.6234 -1
7.94224 5.26681 -1
19.2344 13.3951 -1
11.3127 11.7467 -1
7.60494 16.2558 -1
11.2374 7.27643 -1
14.8792 15.2453 -1
8.38616 6.11238 -1
10.7356 13.9497 -1
12.4367 4.17075 -1
17.8197 15.0693 -1
8.90535 12.2593 -1
1.64489 5.68786 -1
15.8831 6.98407 -1
1.26438 10.3757 -1
4.37835 6.87612 -1
7.01822 15.2614 -1
18.5418 11.6677 -1
18.8346 12.7395 -1
12.9088 17.4983 -1
13.9907 1.83953 -1
16.9917 19.8448 -1
11.797 12.4454 -1
9.51801 9.22141 -1
4.19829 0.657366 -1
8.35353 17.7946 -1
13.837 18.3951 -1
6.59914 11.6875 -1
11.5378 15.1439 -1
3.18214 2.27744 -1
16.9474 15.0883 -1
9.03109 5.54583 -1
8.82919 12.186 -1
9.92323 19.6829 -1
9.78281 19.7448 -1
11.3286 19.0514 -1
16.5748 12.448 -1
12.9572 11.2992 -1
5.75439 14.0036 -1
18.3174 0.104028 -1
8.39305 1.96503 -1
6.19824 13.7494 -1
6.12858 2.99875 -1
0.000591222 9.93683 -1
8.26809 1.85338 -1
9.7265 13.2507 -1
3.72051 10.6674 -1
7.37642 15.4746 -1
2.18226 17.2477 -1
2.19096 3.46135 -1
14.8259 18.0996 -1
19.1475 11.527 -1
14.0791 7.51514 -1
6.91529 5.24233 -1
7.84198 0.0843696 -1
17.9999 4.2542 -1
0.39175 4.1432 -1
14.7497 17.7434 -1
13.6501 17.9456 -1
12.3631 6.06794 -1
3.79447 13.7256 -1
5.86755 15.8841 -1
4.13759 0.526917 -1
15.8967 15.3915 -1
4.79639 13.0044 -1
5.76945 7.07362 -1
6.35814 1.33618 -1
17.2529 8.9364 -1
14.1053 7.75968 -1
16.9128 12.6875 -1
18.2189 4.37363 -1
7.53208 11.6605 -1
18.2808 5.15833 -1
16.1041 1.84522 -1
12.5385 15.2546 -1
3.36408 0.0239446 -1
2.43786 13.035 -1
19.9273 18.3576 -1
16.2508 7.76997 -1
9.91966 19.6786 -1
17.4534 19.0759 -1
8.28611 4.60818 -1
9.63076 4.19813 -1
17.9048 6.51344 -1
11.4028 6.5856 -1
4.15771 18.6533 -1
6.09596 14.8168 -1
6.59795 11.6906 -1
4.59679 18.2094 -1
4.57607 10.0198 -1
3.08879 13.2712 -1
8.94761 2.47114 -1
12.3985 1.36788 -1
9.92761 13.3656 -1
15.9661 2.05959 -1
15.5526 12.1061 -1
7.24713 2.45535 -1
7.02978 9.58531 -1
0.267944 3.34249 -1
17.2472 12.9288 -1
13.7506 6.15125 -1
4.01442 10.4327 -1
2.08834 18.6576 -1
18.2773 6.79084 -1
13.5877 8.47335 -1
11.5847 3.75139 -1
9.54428 10.6851 -1
5.15239 16.2996 -1
7.24797 16.5641 -1
12.8312 14.4117 -1
18.0338 13.4967 -1
19.3515 1.19931 -1
16.753 7.36798 -1
13.5918 17.2978 -1
4.37059 16.5063 -1
2.1124 3.14956 -1
14.7202 2.89101 -1
9.25893 14.8133 -1
7.3827 1.00101 -1
4.05642 16.2732 -1
3.72574 18.541 -1
17.8772 1.3596 -1
10.8255 3.8573 -1
9.65995 14.7668 -1
6.40308 16.6287 -1
18.8199 6.83279 -1
18.7747 6.70545 -1
18.4236 6.06521 -1
18.0487 4.83086 -1
12.3109 9.171 -1
17.0135 6.56609 -1
16.3513 16.8122 -1
2.96057 18.2522 -1
5.44635 16.8256 -1
7.43289 4.58438 -1
9.7191 8.93034 -1
12.2634 11.2454 -1
1.76084 14.4618 -1
19.2993 2.92806 -1
11.9365 15.9139 -1
5.11241 4.29904 -1
13.9604 13.1971 -1
3.0178 0.134782 -1
5.2842 11.5061 -1
3.69365 19.1553 -1
2.42536 3.04714 -1
13.2104 7.96675 -1
17.1182 5.92107 -1
15.4039 14.0489 -1
0.430742 19.4842 -1
11.4398 9.39742 -1
2.44675 2.57035 -1
19.8302 7.00666 -1
0.861443 18.2683 -1
15.5092 2.34272 -1
14.0527 3.78364 -1
11.5717 5.40194 -1
10.4853 6.68016 -1
13.3918 16.5896 -1
1.11676 9.40741 -1
10.3224 8.12602 -1
13.9913 12.3364 -1
