10.1224 7.80989 -1
0.78069 1.06412 1
4.68551 9.4301 -1
11.6533 16.9002 1
1.92522 17.1532 1
14.3922 9.55541 -1
17.8211 19.9432 1
4.93438 12.2064 -1
12.6672 17.1771 1
16.3483 5.12422 1
2.68482 3.79866 1
4.03408 0.848844 1
6.52026 5.94373 -1
16.3149 4.50542 1
2.58304 13.135 1
19.4381 16.7878 1
13.3268 4.11327 -1
11.7616 17.1907 1
3.67329 16.9801 1
5.09751 13.8765 -1
2.52265 18.1333 1
6.32461 17.6645 1
6.89069 11.7486 -1
19.2659 1.85471 1
12.1199 19.6931 1
2.1168 17.1169 1
3.61748 19.0153 1
10.0017 19.2848 1
19.4111 1.55064 1
1.65013 13.7766 1
3.67299 12.0154 -1
2.78623 8.08432 1
13.225 11.9086 -1
7.37517 14.4417 -1
2.26889 13.2806 1
7.48042 3.47683 -1
15.1501 8.51615 -1
10.9528 3.19409 -1
3.00284 8.69201 1
6.58034 15.7326 -1
17.3693 5.14789 1
0.512319 10.5535 1
11.9782 17.5867 1
0.246875 9.23622 1
13.192 18.5566 1
0.109676 3.31971 1
14.3204 3.59957 1
17.8915 2.57253 1
16.4865 7.91423 -1
14.3969 8.7182 -1
6.76368 17.1045 1
15.9808 8.88074 -1
18.5618 7.8248 1
11.4956 6.75368 -1
9.16412 1.29222 1
18.3076 15.6089 1
19.2696 3.96681 1
10.2065 19.9874 1
8.81278 16.4325 -1
0.64957 17.3212 1
16.8996 12.1786 1
5.25339 13.7481 -1
5.02712 10.8144 -1
16.9309 17.4511 1
1.24258 4.0952 1
8.03226 18.201 1
4.7511 11.6814 -1
9.07509 5.05227 -1
13.4161 3.9233 -1
18.9306 5.80008 1
1.8565 2.24989 1
13.8699 11.4862 -1
8.39477 10.9281 -1
8.09082 2.36524 1
12.6718 14.7142 -1
2.26144 7.94805 1
2.92581 14.0625 1
7.72651 19.3888 1
7.88863 4.12378 -1
8.38585 0.947444 1
3.68774 19.7734 1
10.8687 9.76009 -1
17.8942 8.44523 1
18.9241 17.3892 1
0.415144 17.3268 1
12.2425 19.7136 1
5.74575 8.90427 -1
14.0328 8.5516 -1
6.67721 3.93685 -1
6.67555 15.9737 -1
10.0508 3.49382 -1
0.648427 18.1206 1
12.6132 10.5295 -1
9.71174 5.22925 -1
8.07612 15.3165 -1
4.5437 5.99277 -1
0.467114 10.7785 1
13.4583 14.2981 -1
8.3009 13.1829 -1
4.99678 0.845321 1
7.30188 2.63899 1
13.5324 19.1092 1
8.62581 14.0724 -1
15.4087 13.3304 -1
3.48614 11.6223 -1
15.6222 2.8231 1
7.76262 6.41438 -1
6.56671 6.76964 -1
17.285 9.65337 1
4.13486 14.5374 1
10.9152 12.2851 -1
15.7182 15.5086 1
13.4196 2.55893 1
7.93159 6.21028 -1
16.1639 6.35861 1
9.23143 12.5735 -1
3.58543 0.358383 1
3.34878 2.93992 1
11.2963 16.9452 1
18.5878 5.7255 1
8.55629 5.51693 -1
2.99949 12.4492 1
13.9426 14.0936 -1
10.7532 9.29433 -1
9.73243 12.8871 -1
12.8861 16.2395 -1
17.9949 0.586716 1
0.929117 15.6705 1
13.8603 10.9026 -1
19.2271 9.35778 1
16.262 15.0132 1
6.77813 0.10626 1
5.91861 14.0901 -1
12.3729 11.0559 -1
17.1678 19.747 1
7.64463 3.32668 1
11.5029 9.96312 -1
10.1476 10.0948 -1
3.12344 15.6401 1
3.08567 0.77363 1
2.40306 8.20302 1
8.21657 15.9481 -1
19.8767 8.42987 1
0.795574 11.2144 1
1.23904 4.54076 1
16.4949 9.726 -1
4.91823 0.698989 1
7.90509 0.926965 1
19.5077 5.09494 1
10.7266 2.0815 1
3.74991 4.68726 1
18.7777 17.3128 1
15.9616 6.53591 -1
9.05077 16.3075 -1
19.3391 11.891 1
12.7776 13.7433 -1
3.63664 0.955808 1
4.27062 16.2312 1
17.7018 13.6578 1
6.60505 11.0007 -1
8.19267 14.2162 -1
11.5502 4.10262 -1
12.6799 10.5684 -1
3.58767 18.0455 1
10.4138 4.80842 -1
15.1416 4.30027 1
14.6537 4.37042 1
13.7139 9.42959 -1
3.1706 8.35316 1
11.5407 4.62125 -1
9.29425 8.45172 -1
8.04341 5.63115 -1
2.73195 15.9642 1
10.1055 2.54812 1
6.24822 13.7965 -1
17.7571 2.94711 1
12.0627 17.0927 1
17.633 18.3162 1
19.9666 19.0334 1
14.3589 10.2358 -1
12.9922 19.763 1
16.2603 7.50679 -1
6.69868 4.75298 -1
3.33796 1.01284 1
2.7958 8.98868 1
12.8112 18.185 1
14.6864 14.5952 -1
1.11 15.777 1
3.69935 14.9015 1
9.41795 7.43781 -1
7.19437 15.7958 -1
0.0119204 0.346914 1
10.5772 10.4187 -1
6.3811 7.19982 -1
7.45245 13.2487 -1
10.7325 1.52116 1
6.05547 14.3416 -1
18.9319 8.65652 1
10.0745 2.25704 1
14.0612 6.23702 -1
5.56089 1.90705 1
11.7645 6.76071 -1
7.19281 9.52143 -1
6.61108 12.3835 -1
8.70028 5.55991 -1
5.35913 10.8961 -1
9.97956 6.52687 -1
17.13 3.68669 1
2.18782 10.7202 1
14.8253 9.39381 -1
1.77345 6.39079 1
10.0184 18.5509 1
5.47478 14.693 -1
5.88552 17.9344 1
3.01017 11.8833 1
2.39612 11.5308 1
18.1168 9.15906 1
16.3431 18.2168 1
9.20865 9.83466 -1
11.1631 19.027 1
7.37323 1.82566 1
3.79832 18.3246 1
1.40164 17.3256 1
11.4995 11.9599 -1
9.39981 2.59462 1
7.74672 19.1242 1
19.6264 0.891264 1
19.4815 5.9223 1
16.1446 2.34129 1
10.0951 8.19884 -1
17.8957 13.1371 1
15.3842 1.95652 1
3.23536 16.6502 1
19.717 3.59593 1
16.7729 1.89283 1
12.7317 2.26599 1
4.55443 6.36522 -1
0.30138 5.2938 1
12.9727 12.9546 -1
8.118 19.1621 1
17.1989 2.0795 1
10.1483 2.9784 1
17.9995 18.0094 1
3.75983 11.5445 -1
8.63641 12.1093 -1
1.73619 0.10547 1
12.6282 1.87979 1
13.6389 9.74791 -1
13.1559 12.0151 -1
18.3592 2.41908 1
17.5184 11.8749 1
2.25965 17.9884 1
11.0113 6.66488 -1
16.6755 5.09332 1
3.36499 15.4511 1
7.09509 7.13404 -1
1.89436 18.4806 1
4.21974 1.17656 1
14.4723 15.1678 -1
5.39601 10.701 -1
11.4504 6.87913 -1
17.4836 6.70389 1
12.3319 2.75635 1
5.91348 7.84805 -1
2.23946 18.6564 1
18.7311 13.7957 1
4.40762 18.9419 1
16.0646 17.5627 1
16.5562 19.6321 1
15.9647 19.4858 1
18.4795 4.56319 1
13.4986 11.2571 -1
18.6695 17.8579 1
17.1878 15.1332 1
3.83353 10.2166 -1
10.7203 16.1841 -1
6.98459 9.96949 -1
17.2267 9.06612 1
14.2449 13.3611 -1
19.1852 5.3275 1
19.315 6.64086 1
12.9538 14.5995 -1
13.9406 0.125882 1
15.7066 1.29915 1
14.7759 17.8339 1
14.9839 15.078 1
16.5054 5.49796 1
4.20987 15.2938 1
3.69896 8.34597 -1
10.7358 17.3078 1
12.6709 19.3024 1
15.4183 14.8355 1
19.913 18.1632 1
8.91761 18.1897 1
13.9109 0.0554793 1
12.4413 0.986409 1
18.5795 6.19449 1
10.7772 12.0391 -1
1.67952 7.65511 1
19.5019 7.62143 1
13.3442 15.5962 -1
5.68187 15.1289 -1
11.5916 0.140141 1
15.3454 9.44942 -1
16.3783 9.68335 -1
8.13316 13.9879 -1
14.4271 15.8096 1
12.5787 10.9518 -1
7.21045 6.00887 -1
11.0546 14.5889 -1
15.859 1.40221 1
6.86908 8.67835 -1
17.0897 7.37068 1
18.9639 6.57853 1
5.32916 7.26215 -1
14.9285 3.99883 1
8.35559 12.4687 -1
1.48434 7.32667 1
19.3166 14.3115 1
12.6961 2.55245 1
19.0011 10.6598 1
19.0474 10.3625 1
1.71423 11.0346 1
17.7991 9.68312 1
4.25378 13.3371 -1
15.981 12.1122 -1
10.5145 17.2623 1
8.13508 6.34601 -1
17.4122 6.01425 1
1.54918 17.0949 1
13.9663 11.9746 -1
17.2265 5.57884 1
3.63722 10.7416 -1
13.8594 14.9019 -1
15.4807 4.50077 1
4.41326 13.707 -1
13.4801 19.2702 1
14.1596 19.7602 1
10.1348 16.3986 -1
11.1718 4.33548 -1
6.34754 3.1523 1
0.645677 11.8933 1
11.5138 12.1334 -1
6.84252 2.26476 1
3.74615 1.58638 1
2.20705 13.8421 1
3.40795 17.4076 1
8.71508 14.3848 -1
4.67286 16.6893 1
17.8348 9.89333 1
17.1952 19.7562 1
3.17228 16.4525 1
16.923 4.63374 1
19.2089 3.97489 1
5.96845 11.7985 -1
17.8795 1.02192 1
15.3975 5.39701 1
7.62551 1.91726 1
3.38837 8.39388 -1
15.8548 11.5724 -1
16.7389 10.8637 -1
6.32568 15.6269 -1
1.89901 16.6357 1
16.3567 6.59664 1
9.72766 12.7327 -1
18.1058 3.88386 1
15.9768 2.30338 1
12.9056 4.46996 -1
6.55337 2.41847 1
7.15786 2.151 1
11.9341 16.9438 1
13.7424 8.49402 -1
19.0126 3.98113 1
10.7829 8.99548 -1
7.04491 3.7407 -1
9.96918 11.9207 -1
11.7073 4.06062 -1
6.91761 4.3089 -1
19.7575 4.94696 1
3.51741 17.1625 1
10.2038 14.8722 -1
16.6023 14.4406 1
2.79109 9.92576 1
2.29086 2.54751 1
16.0157 16.0308 1
9.13461 5.41863 -1
10.8658 1.09416 1
9.62001 3.43075 -1
0.673776 4.15353 1
8.40272 4.4943 -1
15.6601 18.8028 1
18.3802 16.286 1
19.148 19.8364 1
10.3795 8.79782 -1
4.93335 14.8736 1
1.18928 8.2943 1
2.24709 6.83421 1
2.53323 15.9689 1
9.50023 10.2707 -1
19.5513 19.2328 1
5.65233 18.792 1
17.1127 13.7903 1
13.608 9.09291 -1
4.46176 8.80817 -1
18.9319 7.70248 1
15.6181 13.9683 -1
4.6101 1.91078 1
14.4361 7.16833 -1
18.1556 0.528835 1
8.12879 0.61818 1
9.75532 17.7078 1
14.36 8.5866 -1
14.9056 17.7861 -1
11.5707 8.15904 -1
9.06123 12.1464 -1
4.59418 14.4675 -1
14.6166 1.64986 -1
9.15546 15.8706 -1
17.2969 8.22933 -1
10.3413 6.5838 -1
13.9445 4.91445 -1
17.0859 3.50156 -1
10.644 12.8894 -1
11.6786 1.70176 -1
1.55912 4.17661 -1
16.3288 17.5318 -1
17.0869 18.9128 -1
6.9641 5.55352 -1
17.9993 14.9796 -1
2.85129 1.61219 -1
15.9973 7.2564 -1
18.256 8.19364 -1
10.519 12.6552 -1
15.3251 8.42367 -1
16.69 8.71035 -1
14.8037 6.35092 -1
19.9796 16.5254 -1
2.13781 10.1217 -1
15.0443 9.49445 -1
13.2231 0.455333 -1
12.7892 7.32447 -1
2.42671 5.68553 -1
16.7857 16.8096 -1
19.3168 17.7767 -1
12.3671 14.3649 -1
10.9335 18.6818 -1
5.41678 19.8367 -1
15.8563 16.3112 -1
2.42572 9.06295 -1
1.04668 11.5537 -1
3.12862 2.78578 -1
0.572105 15.3636 -1
16.584 7.45954 -1
12.4812 12.1043 -1
17.0353 12.3933 -1
14.0287 0.827049 -1
0.212052 3.95388 -1
12.797 18.6168 -1
13.007 8.55276 -1
6.28477 8.18824 -1
19.8014 1.32221 -1
2.46602 6.32251 -1
2.46632 11.473 -1
7.4847 15.3356 -1
5.13652 9.45452 -1
2.17704 9.51645 -1
3.04721 14.4811 -1
4.44203 17.1983 -1
12.3565 15.4926 -1
4.26243 18.5946 -1
19.9597 2.00429 -1
6.13601 7.84405 -1
15.0125 15.3638 -1
0.134521 0.892509 -1
0.391701 3.32315 -1
12.2202 5.41776 -1
16.2893 14.5945 -1
9.81952 16.733 -1
12.3494 17.0482 -1
8.74591 12.5364 -1
19.6901 11.978 -1
13.4309 13.6814 -1
2.81014 9.97198 -1
19.1535 12.7817 -1
2.6285 17.1558 -1
17.2081 15.9638 -1
2.96938 6.39289 -1
5.31544 16.6062 -1
0.58999 15.961 -1
16.7816 8.2439 -1
15.1702 5.33366 -1
2.77237 15.1853 -1
0.156327 7.38542 -1
6.67336 19.1267 -1
2.25194 8.30061 -1
8.30832 18.0008 -1
19.6264 1.65371 -1
13.8928 16.9928 -1
17.8405 4.52556 -1
1.09902 11.2854 -1
