8.95267 7.58619 -1
1.09041 6.60098 1
2.74533 0.834716 1
9.08027 12.0197 -1
14.4717 5.82407 -1
5.0615 8.61892 -1
18.2309 6.72972 1
6.49022 1.07749 1
9.32376 4.36335 -1
14.7589 12.3878 -1
1.42118 5.74902 1
3.7798 7.01886 -1
5.9408 7.11521 -1
5.35404 5.28559 -1
14.9456 11.4769 -1
11.7589 12.0515 -1
8.95715 2.83595 1
3.76963 16.2134 1
17.8988 4.54571 1
19.7609 1.3001 1
10.8379 12.8365 -1
3.78668 2.74378 1
14.7067 15.4361 1
13.8757 9.35228 -1
3.71265 18.5763 1
12.0495 15.5282 -1
2.8507 11.6448 1
14.7319 18.5423 1
19.794 17.1508 1
12.8576 18.5137 1
0.376253 3.69306 1
9.20544 15.8045 -1
6.88892 2.12473 1
10.3225 9.92546 -1
17.1596 1.11209 1
10.9423 6.65827 -1
5.62307 7.0177 -1
6.5336 10.2312 -1
15.7245 1.38046 1
1.37169 14.0033 1
14.2832 17.6358 1
4.07367 6.16803 1
5.99804 9.04721 -1
16.5107 15.3918 1
9.87524 13.1367 -1
8.28723 3.49023 -1
0.329191 12.7106 1
6.38611 11.4058 -1
16.7149 7.36757 1
6.75092 2.74795 1
4.87057 19.599 1
0.925525 15.304 1
13.9621 0.819293 1
9.85651 18.4468 1
15.8868 9.53852 -1
13.8667 17.4828 1
13.9798 18.196 1
19.6235 12.529 1
14.8735 18.3943 1
13.5194 0.474427 1
13.6991 0.697404 1
1.26429 8.92688 1
14.103 9.21888 -1
1.7058 9.39042 1
4.8172 2.76833 1
7.39819 1.38886 1
2.55986 3.59372 1
19.6319 13.5347 1
17.0026 3.02694 1
13.6972 9.2714 -1
4.42978 11.3161 -1
10.3633 15.6538 -1
12.989 6.43847 -1
11.4331 15.9803 -1
1.54383 7.14691 1
18.0595 5.34294 1
18.7793 3.6853 1
18.8463 9.79011 1
2.40031 2.06736 1
6.10925 18.1343 1
3.21407 18.842 1
18.2881 7.90633 1
1.61957 0.15799 1
15.3426 3.32941 1
17.3465 3.08019 1
8.77075 9.93454 -1
9.83796 6.59075 -1
10.6887 5.16186 -1
15.444 6.61643 -1
2.31564 18.9008 1
5.86882 17.3331 1
16.5998 12.4729 1
12.4482 17.2823 1
4.34245 3.47965 1
2.4125 6.80346 1
5.70876 7.12975 -1
9.76216 12.564 -1
2.43141 4.71668 1
13.2626 4.68947 -1
15.868 13.3061 -1
15.3682 13.7221 -1
7.57628 14.5457 -1
10.3616 6.82534 -1
13.5464 14.2342 -1
13.6722 7.86133 -1
5.38099 18.3031 1
19.8749 17.032 1
17.4971 13.7829 1
8.63979 8.93771 -1
16.0312 16.1347 1
15.4471 19.3781 1
6.94516 7.29249 -1
4.90619 18.3194 1
14.3336 4.69403 -1
12.5143 7.58822 -1
15.1943 10.4051 -1
18.2731 16.3036 1
14.2833 19.8116 1
14.2095 19.5597 1
19.9077 8.99456 1
11.5437 14.736 -1
7.84382 11.1234 -1
11.6062 4.73782 -1
8.46895 17.6961 1
18.1243 14.8095 1
3.96265 0.319331 1
7.00065 19.9672 1
8.34944 9.04965 -1
17.475 2.59023 1
13.9164 12.1382 -1
6.59526 6.52576 -1
18.4367 5.67971 1
18.8758 4.88013 1
0.278775 5.37727 1
15.7076 18.0145 1
10.553 4.56897 -1
10.7627 8.68835 -1
5.15633 2.44838 1
9.89486 2.97151 1
2.09225 4.41303 1
9.83498 16.4747 -1
11.0931 1.59329 1
18.4972 2.267 1
1.54517 9.64177 1
9.23165 16.3842 -1
9.33448 4.58976 -1
0.0980132 7.30782 1
2.52413 2.96887 1
17.8185 15.1455 1
10.5273 12.6785 -1
6.83105 9.47624 -1
7.10326 4.56368 -1
1.77735 11.9294 1
17.9793 17.9674 1
18.3715 10.1605 1
7.62857 13.3141 -1
10.4584 14.3295 -1
15.4822 8.60786 -1
12.3698 19.4446 1
5.96241 10.2256 -1
1.00366 8.46887 1
16.3903 12.3597 -1
9.61759 2.77464 1
13.4334 15.85 -1
11.0434 6.56008 -1
15.2373 13.3123 -1
19.1036 14.4888 1
13.8798 18.5843 1
6.98657 3.25645 1
11.1165 14.5104 -1
15.813 8.31987 -1
12.0173 14.5483 -1
13.1515 16.5282 1
10.085 17.9654 1
5.26598 5.31666 -1
17.1157 3.25609 1
5.04415 16.9713 1
16.7556 10.8555 -1
8.57312 8.4948 -1
12.1746 18.9717 1
17.5896 8.44134 1
13.6741 0.541901 1
7.72294 19.447 1
5.23075 13.1853 -1
5.37145 17.9868 1
4.03802 6.93956 -1
13.1568 5.75965 -1
2.39194 1.37381 1
9.70709 7.04195 -1
14.0035 16.8025 1
19.6498 13.4269 1
5.64549 3.77176 1
12.0093 0.172663 1
1.94415 15.3883 1
10.7799 17.606 1
3.6204 8.0741 -1
1.47294 15.6864 1
1.898 19.7016 1
5.41371 8.2489 -1
19.2642 13.6057 1
11.7351 12.5069 -1
2.81163 15.0841 1
19.1928 13.3548 1
14.9608 6.07978 -1
2.79087 6.14203 1
9.03181 17.5984 1
17.0229 4.38217 1
11.1264 1.22847 1
6.92976 8.4538 -1
2.99253 15.5164 1
3.63454 5.6473 1
14.1702 17.9322 1
6.8046 4.92156 -1
16.6151 10.1555 -1
3.59981 2.06719 1
3.24401 2.15006 1
16.1056 7.02875 -1
12.2025 6.94821 -1
18.5856 7.78514 1
4.92844 12.2602 -1
17.236 4.74638 1
12.3575 13.0849 -1
17.5334 3.34997 1
2.8992 6.85589 1
6.97422 15.6733 -1
0.700387 11.4108 1
1.51987 4.53233 1
14.9012 3.84745 1
4.10172 17.5502 1
6.9779 17.603 1
13.9565 6.10113 -1
1.66778 10.3713 1
10.1842 6.01377 -1
13.4517 2.83777 1
14.4758 14.2021 -1
14.932 1.6463 1
9.3955 10.1509 -1
6.62606 4.244 -1
8.89127 15.5456 -1
14.4276 4.01856 1
19.934 10.2622 1
16.1608 14.9088 1
12.966 18.746 1
3.48318 1.81636 1
7.55378 16.3374 -1
2.53408 10.3029 1
0.959209 1.41829 1
17.268 2.42812 1
9.40209 1.0066 1
17.8417 5.15759 1
3.64688 13.1478 1
15.5472 1.83958 1
17.7523 2.68707 1
1.52223 4.0652 1
3.83814 7.67514 -1
15.9941 12.7306 -1
2.37825 11.2502 1
2.56889 15.2781 1
19.8115 11.4052 1
6.93945 11.4087 -1
5.47929 10.3872 -1
17.2803 10.8169 1
0.318089 6.11802 1
5.57934 12.0045 -1
0.421647 6.62146 1
6.9309 7.58958 -1
18.1461 0.75335 1
1.55309 2.85346 1
18.1391 3.90065 1
18.1919 11.8057 1
18.1334 8.07505 1
17.4062 5.57705 1
13.4371 17.9862 1
14.2663 14.1188 -1
14.5757 13.5509 -1
10.53 17.6921 1
11.6811 3.71105 -1
11.683 16.6403 -1
14.2959 10.9214 -1
15.5529 18.4174 1
1.95024 17.6993 1
11.6692 3.7409 -1
13.335 1.0619 1
7.33213 11.1364 -1
8.79573 9.89658 -1
11.7652 17.5071 1
1.72971 11.1893 1
19.1072 15.0771 1
1.55902 2.52243 1
14.5019 12.7909 -1
16.795 13.2295 1
7.75047 2.20344 1
13.1528 18.8913 1
6.1608 4.61309 -1
12.1529 14.4208 -1
11.0947 8.54246 -1
13.0861 18.5213 1
8.23643 9.69173 -1
8.91467 8.87479 -1
18.5233 0.24769 1
2.92204 10.6914 1
10.4714 12.4224 -1
2.73243 3.87039 1
9.57905 15.0446 -1
14.6115 15.2597 -1
10.3271 7.41841 -1
1.19964 2.32191 1
4.39651 12.1149 -1
14.3857 0.226043 1
19.105 17.1795 1
16.1275 14.8708 1
12.968 13.9972 -1
10.727 9.08438 -1
1.13198 5.21745 1
9.74277 6.78148 -1
16.2623 1.11761 1
3.62213 17.1455 1
3.84851 1.87994 1
16.159 4.91569 1
18.0697 17.3576 1
9.40961 7.27708 -1
5.88483 6.31378 -1
15.7023 9.10089 -1
18.6802 18.7367 1
7.51695 17.3129 1
18.0115 18.9134 1
17.1968 5.95001 1
1.7339 1.68113 1
14.7035 1.98994 1
4.95125 15.7191 1
11.1348 1.76737 1
4.14522 8.78499 -1
9.2765 10.0753 -1
15.6393 10.5251 -1
15.7774 11.4215 -1
0.6063 10.0772 1
8.34997 17.9722 1
18.4458 17.9938 1
2.58575 18.7549 1
13.2052 0.210921 1
4.94582 4.34015 1
4.85871 0.258589 1
6.10791 15.7298 -1
9.98795 7.4862 -1
0.555431 15.1358 1
7.15687 5.53515 -1
9.31764 1.50842 1
11.9933 11.683 -1
15.5224 5.43823 1
0.257153 1.96811 1
17.9452 5.82007 1
17.8463 2.63301 1
13.0423 1.80173 1
1.62515 13.8975 1
16.0463 10.5155 -1
13.4366 9.38957 -1
10.5291 2.12079 1
4.09778 11.362 -1
1.38055 2.94479 1
13.0988 10.953 -1
6.31227 10.2884 -1
16.9645 1.9659 1
0.855304 15.0883 1
8.66388 13.7928 -1
15.8275 12.3218 -1
12.4844 6.11784 -1
2.44942 7.41231 1
18.7412 3.2607 1
2.65731 1.43179 1
4.06314 9.17578 -1
17.3345 0.470518 1
7.98827 18.9051 1
18.5307 5.72724 1
17.7563 10.3737 1
11.3445 6.91842 -1
17.8501 6.43858 1
13.2754 19.9757 1
11.0367 13.388 -1
11.4671 8.3354 -1
13.082 8.43965 -1
5.22024 16.4978 1
18.7894 12.6813 1
15.3517 16.4091 1
8.08296 10.2676 -1
6.8531 0.05936 1
17.6638 14.8207 1
11.541 9.6259 -1
2.44826 7.83105 1
16.4568 8.96879 -1
18.3732 19.1145 1
16.9373 5.4278 1
4.96746 8.03497 -1
3.75034 12.0473 -1
19.5445 3.66988 1
19.7187 11.5013 1
2.64878 18.0054 1
17.2961 15.817 1
16.6708 6.76701 1
13.1813 17.3866 1
16.5748 12.622 1
18.3576 15.9616 1
6.13332 2.74695 1
7.96968 6.37629 -1
6.34435 9.51709 -1
13.7682 2.8356 1
17.9487 3.66805 1
8.88433 18.9236 1
8.80039 8.21568 -1
0.934159 0.414726 1
10.2919 15.5555 -1
1.20154 14.3152 1
15.0899 15.9994 1
1.08697 8.76052 1
17.9836 9.92525 1
13.6263 17.0623 1
5.36351 4.46972 1
2.52607 15.7034 1
7.77116 9.96612 -1
0.569104 4.92566 1
5.52379 18.288 1
6.66804 9.71073 -1
8.28391 7.71874 -1
8.8971 13.6241 -1
19.681 18.7952 1
11.6572 2.72796 1
8.89205 8.63032 -1
9.8248 5.44463 -1
7.91653 13.151 -1
9.64526 7.8618 -1
13.3088 0.820958 1
17.842 11.2697 1
9.39791 10.6803 -1
2.95423 11.7413 1
16.1184 2.65055 1
7.71151 7.3863 -1
1.60216 7.45757 1
19.404 3.42725 1
1.81369 2.64873 1
17.2319 16.1011 1
11.787 3.6918 -1
8.05327 11.2553 -1
7.49673 17.5862 1
10.9653 13.3118 -1
10.6162 7.01911 -1
10.1321 10.8623 -1
2.22828 10.7772 1
13.112 12.8795 -1
6.03268 11.2619 -1
19.3543 8.26944 1
4.47221 4.45725 1
13.0802 19.2938 1
10.6049 16.9416 -1
18.1791 15.5232 1
18.2043 19.4357 1
15.1455 9.69444 -1
14.427 15.3127 -1
19.9292 10.0139 1
2.92707 15.2893 1
7.14626 7.25578 -1
7.94943 6.08043 -1
13.8702 16.2964 1
14.1501 1.0712 1
3.6349 11.7647 -1
9.36689 9.27626 -1
6.09372 17.105 1
3.87351 2.10932 1
11.4171 7.30985 -1
16.5992 2.71391 1
12.7187 2.78189 1
15.1469 14.7006 -1
13.4447 4.98972 -1
2.13871 5.26946 1
3.80249 8.48345 -1
1.38042 0.788 1
3.91511 1.23826 1
11.5089 10.2931 -1
16.1919 17.4106 1
19.3166 14.5848 1
5.99561 8.2903 -1
15.0637 14.8917 1
5.10223 13.1604 -1
7.67014 12.065 -1
17.275 1.57567 1
2.2735 10.6469 1
3.23907 18.9925 1
7.64525 13.7988 -1
16.9557 15.2205 1
11.5431 4.62448 -1
3.6523 4.15927 1
4.80872 0.122424 1
17.5794 16.9928 1
18.4874 17.4391 1
19.435 3.30526 1
11.4363 9.35931 -1
1.87408 17.6864 1
15.4192 11.009 -1
8.01373 6.78573 -1
7.76123 2.99648 1
1.82779 19.6367 1
13.5333 14.1809 -1
18.8367 8.57771 1
5.48671 15.1655 -1
6.32881 8.2624 -1
6.13939 4.6696 -1
1.95391 19.3751 1
17.8394 6.59457 1
14.8726 3.93167 1
19.5792 7.17533 1
15.7743 18.8087 1
17.8255 13.2988 1
12.8381 10.2187 -1
5.31568 0.561345 1
14.5266 8.66664 -1
0.212262 7.495 1
8.38459 19.8009 1
13.8457 4.417 -1
16.5582 13.9953 1
18.9311 15.774 1
13.6137 5.67249 -1
17.598 10.0535 1
9.98183 4.58697 -1
13.286 17.7048 1
5.29837 9.7618 -1
6.486 10.1851 -1
1.62346 5.57016 1
17.6529 12.1639 1
18.4571 9.0291 1
12.1333 5.07329 -1
6.83237 11.607 -1
19.1376 4.84536 1
15.9284 8.50201 -1
13.2497 6.96958 -1
17.7087 10.1932 1
17.4243 9.80868 1
14.522 11.658 -1
15.7305 3.14251 1
16.2005 1.98098 1
14.2775 2.32951 1
12.1355 1.90857 1
17.3245 13.3922 1
3.50246 5.81427 1
0.476397 6.8109 1
10.7715 16.2614 -1
5.90502 5.73105 -1
1.7444 18.0681 1
10.2345 12.051 -1
1.47248 7.98763 1
8.1758 10.7462 -1
11.2789 5.11746 -1
9.11262 15.8168 -1
12.5132 8.63244 -1
5.40989 4.09052 1
9.3076 12.7439 -1
6.37567 15.8694 -1
16.7107 16.4929 1
16.326 11.6228 -1
4.31388 3.4291 1
12.8092 4.90489 -1
16.5499 14.0836 1
3.15402 9.65333 -1
3.55132 7.07997 1
12.9824 15.3313 -1
12.593 9.91169 -1
5.77298 6.40564 -1
19.5916 15.508 1
2.24898 18.6739 1
12.4552 14.877 -1
17.4859 5.91197 1
2.4507 8.96316 1
3.82538 13.188 -1
10.8336 19.9521 1
14.4578 12.1719 -1
12.7961 4.63956 -1
17.0404 17.8957 1
13.8412 8.5236 -1
16.2113 3.40123 1
4.39087 17.2854 1
15.7296 7.44282 -1
11.3975 17.7047 1
2.11288 11.2513 1
0.00775917 10.4084 1
14.7025 4.80214 1
9.5532 0.646828 1
11.234 10.3266 -1
19.1178 12.2215 1
7.31719 0.0665903 1
19.1829 6.27267 1
4.70609 15.1863 1
15.4115 0.842064 1
12.5674 19.9638 1
12.1511 3.5466 -1
7.67425 1.10693 1
4.1807 5.04648 1
16.1423 3.38523 1
15.4931 12.4834 -1
8.51805 2.9022 1
17.2759 15.4975 1
6.95256 11.6183 -1
8.43974 6.66514 -1
1.00426 18.6439 1
8.6687 14.8391 -1
0.6541 13.46 1
2.27159 18.5555 1
3.06181 19.8173 1
9.47131 4.3632 -1
12.3289 12.5353 -1
1.08074 4.05606 1
10.2079 4.57069 -1
19.5284 13.1979 1
17.406 1.83526 1
5.22063 3.08167 1
13.6383 18.1026 1
10.1887 1.51992 1
5.30886 6.0805 -1
15.0075 11.3678 -1
18.7155 12.1084 1
5.36984 10.9137 -1
5.89052 1.89691 1
1.44741 6.67665 1
14.3954 3.69651 1
7.3012 11.3289 -1
5.644 18.746 1
4.14717 1.48231 1
13.1093 8.21458 -1
2.5065 6.80027 1
12.2244 16.3009 -1
8.77502 1.77341 1
5.71835 8.2916 -1
16.9416 18.2554 1
19.332 12.9122 1
15.8609 14.9537 1
6.7361 13.5825 -1
1.0323 9.86212 1
12.6165 5.90735 -1
4.79308 17.368 1
4.67958 9.73499 -1
15.9543 4.28818 1
11.4307 16.2869 -1
13.4514 18.298 1
14.6664 17.7789 1
10.3364 4.68257 -1
19.9299 1.45085 1
4.3584 11.5708 -1
10.93 1.3305 1
1.76678 14.2599 1
6.03554 19.3061 1
18.2667 7.99712 1
7.55606 14.6636 -1
10.9749 14.902 -1
18.1742 14.5459 1
13.5409 2.7364 1
10.6525 16.2638 -1
5.03468 17.8412 1
16.7859 0.305661 1
17.2468 6.67409 1
11.3811 1.48986 1
0.00199392 13.5119 1
14.2858 1.54121 1
3.17289 6.68922 1
5.71912 1.28306 1
4.40845 12.8661 -1
0.204987 5.21565 1
19.3519 7.13483 1
15.0115 18.4443 1
13.8518 7.97067 -1
3.0175 15.1433 1
13.1137 1.54375 1
5.81251 10.8666 -1
14.6355 18.9318 1
6.87132 6.30503 -1
8.68305 15.9661 -1
2.03016 0.97049 1
11.0301 2.72263 1
19.2505 3.74324 1
12.6976 7.73661 -1
9.18801 2.80187 1
10.961 0.74503 1
1.72155 14.0233 1
9.41693 10.4156 -1
15.1359 9.33213 -1
5.14799 2.26089 1
18.7261 9.31928 1
9.19921 11.1031 -1
9.09763 3.90019 -1
10.5116 8.51267 -1
12.4065 16.3546 -1
11.6054 12.1691 -1
6.67346 0.884961 1
13.5314 2.59229 1
8.64696 9.48837 -1
10.9972 10.6972 -1
7.64013 7.72333 -1
5.94646 2.10229 1
13.1812 15.96 -1
19.8668 0.883894 1
15.6115 3.14954 1
14.2528 7.45431 -1
4.50909 4.22744 1
10.5233 4.75841 -1
14.5519 14.4723 -1
16.1444 18.6812 1
15.1331 1.81386 1
5.57501 19.2109 1
16.9311 1.0713 1
5.36187 16.893 1
1.23728 15.0144 1
6.51232 12.6391 -1
4.73853 0.397749 1
4.96202 16.6443 1
0.167616 17.1306 1
13.5319 11.4638 -1
11.9913 18.3453 1
9.26779 3.67148 -1
6.6362 14.6776 -1
6.25762 11.7502 -1
4.96644 10.9049 -1
19.1012 13.3423 1
4.48171 4.05132 1
10.61 2.12713 1
10.7111 1.20419 1
18.8732 1.80989 1
18.8923 3.05606 1
3.12862 2.69828 1
9.97963 7.69613 -1
8.87554 11.1218 -1
4.51753 6.14549 -1
7.32777 17.8595 1
4.16215 13.2738 -1
13.137 13.7613 -1
6.28077 0.915747 1
10.9588 5.10265 -1
0.219052 1.60127 1
12.5051 13.829 -1
4.34709 1.56365 1
0.186311 11.3272 1
16.421 7.1681 1
14.3225 18.5817 1
2.86619 12.1296 1
1.67313 0.256666 1
13.7888 7.80286 -1
2.69784 2.59342 1
7.59319 18.7967 1
15.4733 0.109551 1
1.22381 8.50077 1
12.4943 11.3862 -1
7.50635 19.2164 1
9.366 14.4257 -1
13.1407 16.0061 -1
15.2482 16.2763 1
16.361 0.15058 1
10.7989 17.7838 1
12.9486 7.58985 -1
2.58095 17.9564 1
12.865 1.53722 1
16.0219 19.3132 1
16.4942 17.2861 1
8.23473 1.15147 1
12.6934 18.0584 1
8.26017 8.61836 -1
8.83644 14.0303 -1
8.08567 15.8051 -1
16.8427 14.5144 1
4.28335 10.3362 -1
1.18747 17.7844 1
3.22606 0.382482 1
8.37795 8.13662 -1
12.1458 14.3615 -1
14.071 10.8821 -1
14.9484 17.3032 1
15.4929 8.34294 -1
19.7666 17.4625 1
13.0101 0.318247 1
8.78462 3.13452 -1
1.84993 11.6946 1
11.0746 10.7049 -1
16.6312 0.932387 1
10.6247 10.1166 -1
9.6813 13.6854 -1
10.4134 17.6014 1
7.25398 17.5833 1
2.0932 0.332181 1
2.95757 7.92431 1
3.80743 11.4649 -1
10.2405 12.8982 -1
19.5339 5.7031 1
11.9697 14.9499 -1
3.01192 1.34237 1
1.15371 10.412 1
13.9054 7.66206 -1
16.2372 17.9158 1
10.3121 15.8499 -1
9.9989 11.5269 -1
12.151 1.86565 1
15.9881 12.1958 -1
15.3054 17.2992 1
8.08825 19.1426 1
8.92921 13.2014 -1
15.1779 14.326 -1
17.0275 0.76049 1
1.55466 9.12831 1
19.4322 17.2004 1
7.58783 8.63047 -1
12.2929 7.2015 -1
15.6109 13.0567 -1
3.12125 18.8308 1
9.29896 7.59807 -1
0.756591 16.0213 1
10.6131 13.8273 -1
16.1858 14.4021 1
15.7797 8.90351 -1
1.38127 15.0863 1
15.5618 6.8256 -1
17.7809 4.06982 1
1.48778 5.10171 1
4.42246 8.36044 -1
13.8349 3.57575 1
17.6104 18.7211 1
6.27384 4.35998 -1
18.1414 1.72079 1
1.39936 18.9647 1
19.0309 12.4731 1
15.7782 3.98044 1
19.2949 9.93778 1
4.21667 9.55806 -1
2.25207 10.4895 1
16.7969 5.69732 1
14.8953 5.99467 -1
12.3981 14.4311 -1
2.72447 10.1443 1
16.0082 9.14638 -1
3.26736 14.581 1
2.29398 14.879 1
11.3284 16.3539 -1
0.760726 5.51762 1
14.6027 7.74316 -1
19.2812 19.6062 1
0.804058 13.8048 1
17.1395 4.139 1
4.15144 13.2332 -1
10.505 16.9116 -1
13.532 11.5901 -1
15.0112 13.8152 -1
11.8809 2.5347 1
0.637471 13.9777 1
3.13415 15.5942 1
10.9098 0.628457 1
2.48141 5.12301 1
2.47557 6.92211 1
19.9711 14.4782 1
14.9598 9.5328 -1
17.7069 0.033522 1
3.40389 9.13907 -1
0.373644 19.8319 1
14.6101 12.0095 -1
3.12759 5.35145 1
1.73373 18.7237 1
9.20413 13.8508 -1
10.2394 13.6354 -1
10.8374 4.54779 -1
14.746 16.2591 1
7.52498 12.3103 -1
18.5807 5.34014 1
11.6683 9.33882 -1
17.4972 16.148 1
19.3594 12.8661 1
0.101053 18.3938 1
4.91321 16.2611 1
19.8626 10.6663 1
9.09934 12.6472 -1
1.96123 2.42162 1
0.206086 3.69433 1
10.5927 11.749 -1
4.66499 4.51324 1
14.0075 4.07312 1
16.9232 8.30117 1
17.8164 0.62887 1
9.42027 6.52598 -1
2.15423 6.12908 1
11.4038 3.69279 -1
4.71655 10.9908 -1
1.90032 18.7551 1
16.3458 3.69455 1
14.2495 11.4651 -1
13.6957 4.20088 -1
4.17151 10.5633 -1
18.0497 1.05148 1
12.2691 6.53757 -1
16.931 18.6317 1
2.40255 19.602 1
10.8182 0.811124 1
12.5548 7.8913 -1
9.02898 10.1221 -1
2.4925 11.3767 1
7.69612 8.61288 -1
16.7137 6.40292 1
13.8471 7.65928 -1
9.58918 5.34483 -1
10.5739 15.9496 -1
5.46772 15.9511 1
9.3023 3.76182 -1
4.86262 6.04658 -1
4.86278 8.73181 -1
15.4779 16.9179 1
18.3382 9.35701 1
3.23498 10.3648 -1
1.71934 16.9617 1
14.8519 16.5245 1
6.60919 0.734712 1
8.30032 3.4217 -1
8.43665 14.7754 -1
9.68434 4.68515 -1
3.25603 4.12298 1
14.9736 2.00915 1
7.73498 1.86928 1
16.9986 15.0233 1
16.5945 4.40264 1
15.0875 15.4796 1
5.23491 3.1017 1
10.3096 12.7963 -1
7.47255 11.0889 -1
11.9103 16.0159 -1
19.6082 15.0576 1
12.6114 19.8411 1
8.99839 15.8641 -1
7.52483 9.73586 -1
10.5406 16.5255 -1
3.29392 0.883743 1
13.0625 1.29194 1
13.5994 5.10634 -1
2.21986 9.22045 1
8.09178 18.5201 1
7.71256 4.9961 -1
9.51775 4.76883 -1
9.71986 1.67746 1
13.1205 15.8579 -1
3.57671 13.7721 1
6.88442 6.37628 -1
6.0554 13.142 -1
16.8197 9.47273 -1
8.18229 19.6949 1
11.9971 15.2382 -1
9.17709 19.354 1
2.03746 3.56227 1
11.0513 19.1532 1
7.39798 17.784 1
16.2546 11.7823 -1
5.38115 0.945106 1
4.4014 14.2767 1
8.60864 5.34687 -1
4.88191 10.2592 -1
7.18231 13.0154 -1
9.07491 2.00937 1
11.524 4.57403 -1
15.7593 5.89817 1
10.5249 11.3031 -1
11.268 1.0436 1
19.7968 5.32034 1
19.0054 3.03868 1
11.0352 8.83054 -1
14.8263 5.06752 -1
9.87101 2.05744 1
19.4646 0.84195 1
10.6581 10.005 -1
14.6767 11.2604 -1
13.779 3.82383 1
7.17613 9.21015 -1
14.9911 15.7063 1
16.3263 15.6653 1
6.21221 8.69012 -1
14.7754 9.83836 -1
13.3488 13.5688 -1
10.3576 19.8329 1
11.1259 13.573 -1
1.92691 5.55184 1
9.77949 3.91542 -1
6.51684 8.4855 -1
15.8587 17.3599 1
7.60151 18.5294 1
4.29661 13.0926 -1
6.54418 8.03425 -1
11.7029 10.6685 -1
6.04779 5.17581 -1
9.79942 18.8674 1
4.98925 14.3922 -1
9.16675 5.65458 -1
16.5829 8.36883 -1
14.9854 19.154 1
0.941508 3.92642 1
11.2647 5.83561 -1
19.0855 9.81705 1
15.1098 9.66925 -1
11.0389 11.4033 -1
15.227 0.291112 1
12.7138 0.052623 1
4.43435 8.19394 -1
15.5332 6.28527 -1
16.5429 16.3902 1
10.0037 11.4818 -1
15.3484 1.39773 1
11.6009 15.57 -1
4.24881 9.80293 -1
17.9222 19.1542 1
5.02343 8.7752 -1
4.77655 19.3984 1
9.16583 10.1703 -1
11.6998 18.351 1
4.87236 9.8301 -1
14.5705 7.09413 -1
10.9997 11.4826 -1
7.88473 18.6268 1
0.205947 1.35127 1
10.8097 18.6276 1
13.9885 4.6577 -1
2.0063 19.8559 1
18.4043 0.543194 1
9.45724 7.77691 -1
6.5468 12.1207 -1
11.9558 0.784778 1
9.75992 14.9902 -1
0.0335582 4.01325 1
10.6713 11.804 -1
10.3312 15.8672 -1
0.171715 6.02141 1
1.7583 11.7519 1
13.9126 8.67589 -1
15.6095 9.20125 -1
5.41997 13.3603 -1
7.00485 10.4371 -1
15.6399 0.267546 1
16.6469 4.03864 1
17.4635 9.38973 1
13.1243 0.0513371 1
2.82262 19.7458 1
6.99648 9.81098 -1
13.0935 2.49307 1
1.00044 14.4527 1
6.25337 0.434876 1
8.96407 19.2001 1
16.5421 2.37692 1
8.96323 5.04035 -1
13.1142 11.0038 -1
0.798551 1.24373 1
3.39597 16.0024 1
11.5982 11.0144 -1
19.6209 8.70368 1
2.7212 15.2716 1
10.3757 3.77509 -1
7.94341 4.95999 -1
2.50924 12.8431 1
14.2936 12.6356 -1
5.84713 12.7418 -1
11.3699 13.6506 -1
5.22557 6.18284 -1
15.0265 10.9742 -1
3.15448 17.3235 1
15.8452 10.5199 -1
8.4577 8.53462 -1
1.35393 15.5174 1
0.350095 4.05522 1
16.0173 2.88398 1
11.0703 17.9517 1
14.5064 9.41779 -1
4.8634 19.1543 1
6.98112 11.6375 -1
11.8918 6.14242 -1
15.5626 0.621136 1
19.4401 9.57125 1
4.07532 13.9111 1
3.78021 13.9054 1
8.67135 19.3503 1
0.778118 17.8331 1
1.51288 6.97557 1
18.4006 18.5449 1
3.93015 13.984 1
8.62374 19.2407 1
18.5903 6.50762 1
13.555 19.0661 1
4.62593 7.93596 -1
19.6083 17.0024 1
19.7518 7.76364 1
3.55617 8.52257 -1
18.8826 0.322986 1
8.42278 1.6823 1
14.4786 1.15 1
8.03095 16.1804 -1
4.76887 10.3226 -1
12.7179 9.84239 -1
1.09105 17.3093 1
18.0086 10.2608 1
12.5368 5.46458 -1
3.1888 14.1498 1
14.9217 9.13324 -1
2.43884 9.61223 1
12.7471 1.10265 1
12.2683 12.7109 -1
11.7514 5.82105 -1
14.3875 10.379 -1
0.00285764 8.02855 1
15.8368 8.51703 -1
5.78358 4.67186 -1
19.9763 1.519 1
9.83989 19.0115 1
5.97609 0.209057 1
13.6155 14.8974 -1
0.745 1.22348 1
2.95845 2.69423 1
1.92121 9.82893 1
14.7695 11.2286 -1
19.3103 8.30282 1
5.46339 3.127 1
15.4451 6.46301 -1
3.73108 8.21315 -1
18.3924 0.459716 1
6.44202 11.0334 -1
18.3291 17.866 1
14.6695 11.0579 -1
9.61377 18.5861 1
15.741 18.3516 1
15.2944 13.4411 -1
3.9539 13.1288 -1
15.819 10.6727 -1
15.3184 15.6156 1
12.0577 14.4931 -1
5.18621 4.63362 1
17.3013 2.95441 1
14.7272 0.415374 1
1.19307 11.9098 1
8.74272 18.9109 1
15.9195 19.8708 1
8.59201 5.84735 -1
16.3613 4.96615 1
5.99998 1.73858 1
0.3748 19.271 1
8.16829 4.50874 -1
18.3253 12.6157 1
12.5607 8.14145 -1
13.3879 10.2636 -1
0.45434 16.0955 1
17.2224 16.2745 1
4.95414 4.26827 1
16.8652 13.1504 1
19.3356 13.1335 1
14.4179 1.00218 1
3.5602 16.3335 1
17.525 2.18872 1
5.79882 0.789482 1
8.83176 15.4636 -1
17.0611 5.54511 1
16.5903 13.3929 1
14.3204 2.60656 1
8.37695 11.3692 -1
2.95772 10.4071 1
12.8553 19.6973 1
12.4084 7.97657 -1
2.14614 10.1371 1
15.0125 14.9417 1
4.98623 3.54143 1
0.803585 5.85837 1
1.56172 7.83116 1
18.3265 13.3464 1
12.4847 10.631 -1
15.0303 14.7774 -1
3.92627 8.81583 -1
7.6617 10.1802 -1
18.1908 12.2412 1
17.3398 10.7785 1
14.6334 3.38162 1
14.884 14.9137 -1
14.6698 15.3776 1
10.5806 7.38758 -1
3.09478 13.9006 1
7.62773 19.2465 1
16.5457 3.98704 1
10.216 0.809305 1
1.99076 18.6288 1
13.7884 2.10793 1
7.91092 18.8247 1
6.2382 5.38869 -1
7.6318 7.62412 -1
18.5239 11.6781 1
13.8616 12.2645 -1
8.98905 18.9726 1
12.6241 12.5324 -1
11.498 7.44533 -1
13.586 0.0439066 1
17.9385 12.3064 1
13.7671 3.0399 1
11.5289 5.7903 -1
17.5866 18.784 1
2.19286 15.4452 1
7.6739 15.2577 -1
15.4686 0.740775 1
10.2067 3.80733 -1
9.77642 12.2781 -1
18.606 10.3544 1
6.4993 13.7149 -1
5.5444 4.7379 -1
9.93577 10.5083 -1
13.6738 15.0173 -1
15.1983 17.65 1
4.10262 12.7924 -1
2.08182 9.19221 1
13.4344 11.6067 -1
13.4415 11.6431 -1
6.3749 2.93599 1
5.25427 8.47377 -1
18.637 12.4523 1
5.50011 0.319016 1
1.71003 0.422393 1
19.1516 1.56047 1
6.82253 6.18027 -1
11.7558 19.5896 1
2.22491 14.1281 1
11.0323 0.212191 1
6.30179 14.1334 -1
0.213485 8.04657 1
18.724 14.0407 1
1.57311 19.2164 1
10.244 10.3348 -1
16.9458 7.37794 1
1.07688 19.1179 1
13.8261 15.1945 -1
14.2697 11.6329 -1
14.2117 15.7185 1
0.273473 16.2557 1
10.1912 3.30491 -1
5.55976 2.8957 1
8.06186 15.6483 -1
1.81135 3.31434 1
4.0932 14.4244 1
11.2619 19.4886 1
5.45788 10.6595 -1
14.8935 15.366 1
16.6334 17.8905 1
6.26018 14.9054 -1
14.8533 19.0999 1
12.6206 14.5108 -1
2.95186 11.8287 1
4.96798 16.8526 1
2.11473 2.33964 1
2.30209 11.2056 1
12.2755 14.7886 -1
12.3707 14.094 -1
18.3943 12.2676 1
2.32059 2.18386 1
4.1953 10.4723 -1
8.59462 9.78709 -1
11.5961 15.0387 -1
14.6086 7.49493 -1
7.31379 2.80073 1
11.9255 11.906 -1
3.3448 15.9994 1
2.28676 13.5034 1
12.2795 0.990471 1
6.84379 3.50552 1
17.3032 14.4308 1
18.6651 4.12439 1
18.6396 16.496 1
7.55666 4.8302 -1
1.19244 1.32765 1
13.8686 9.84268 -1
5.90317 14.6338 -1
9.49699 15.8809 -1
9.80036 14.7099 -1
9.04152 0.909568 1
7.1098 14.4072 -1
2.52621 17.9628 1
0.0998459 18.1105 1
3.68919 4.17175 1
14.6617 19.1278 1
1.3345 8.99717 1
15.4291 17.0985 1
14.0154 16.7002 1
19.9579 12.1 1
5.50902 10.1322 -1
11.2044 13.0604 -1
5.84193 5.29574 -1
5.46314 18.9283 1
8.05256 19.3198 1
7.1083 9.24562 -1
11.1681 1.96401 1
9.09871 2.0976 1
14.2843 16.6715 1
18.1743 14.769 1
2.36791 17.4881 1
2.18124 0.130027 1
5.37149 18.6127 1
4.43031 0.253227 1
15.9943 16.4833 1
14.7477 4.00222 1
5.30714 17.1685 1
10.7413 9.29866 -1
2.57119 14.0353 1
10.7229 19.6333 1
17.4308 18.7004 1
17.6451 0.972025 1
16.822 8.13421 1
11.7019 14.426 -1
17.7838 12.1143 1
5.66163 15.0536 -1
5.85232 19.8775 1
0.487955 1.06577 1
12.3344 3.49729 -1
19.0234 6.91327 1
11.3662 11.7875 -1
12.6715 9.24987 -1
2.57775 4.3121 1
13.4037 15.9773 -1
10.4226 12.8378 -1
4.54331 19.3732 1
5.8059 19.7969 1
7.17676 19.7687 1
12.6211 2.84651 1
1.21925 11.9453 1
4.05049 16.5819 1
11.1649 8.61948 -1
7.53473 16.2215 -1
14.9851 15.1813 1
12.3602 18.6649 1
0.457737 13.1859 1
15.4025 9.96986 -1
3.37947 18.8136 1
0.924957 5.74876 1
19.4765 2.28142 1
3.91045 2.92667 1
8.61622 12.7666 -1
7.93387 4.50095 -1
7.42313 0.50956 1
4.17486 6.93793 -1
5.78373 7.08411 -1
2.55335 14.1914 1
14.9836 8.5294 -1
13.5765 0.300666 1
13.2985 7.63562 -1
11.7894 4.2338 -1
17.4727 2.83321 1
17.7371 7.77408 1
18.9631 12.8918 1
12.0453 4.67469 -1
7.57783 0.654045 1
12.5305 0.843867 1
2.86748 13.7721 1
8.38019 5.87834 -1
17.3446 10.3552 1
19.2942 16.9524 1
19.3493 4.31958 1
19.1262 13.7445 1
4.09414 10.211 -1
16.1344 10.984 -1
8.63899 15.4541 -1
17.4683 9.06138 1
14.6538 6.67075 -1
15.3006 16.9459 1
9.61738 19.2996 1
8.02475 11.9748 -1
1.21183 7.25132 1
12.9794 4.56177 -1
9.59203 13.2987 -1
11.5402 15.9919 -1
15.729 18.0235 1
0.407954 16.4752 1
18.3331 4.57035 1
13.8686 10.331 -1
13.8612 4.40586 -1
9.26522 0.556486 1
12.8536 10.2939 -1
10.1999 9.00529 -1
11.9465 4.93688 -1
14.1078 10.2004 -1
17.3995 14.1166 1
16.9813 3.89332 1
15.0285 4.26443 1
12.2901 0.121976 1
10.0464 9.24099 -1
13.2527 17.5142 1
0.313602 10.7092 1
10.0523 8.49203 -1
5.49754 17.0802 1
6.99961 2.36254 1
7.24879 10.4379 -1
9.86827 15.9664 -1
7.12263 9.97848 -1
8.30114 17.1905 1
0.236574 16.1066 1
3.68843 11.4306 -1
13.7734 8.7754 -1
8.09274 14.59 -1
14.253 9.40417 -1
15.8336 15.7374 1
18.6171 18.3879 1
6.04362 15.168 -1
8.49995 18.5878 1
4.52118 7.52145 -1
12.9699 5.91719 -1
10.2267 0.503056 1
14.868 7.05058 -1
19.1634 19.1896 1
19.5874 5.09474 1
7.29208 18.0385 1
13.9103 10.6634 -1
19.2033 9.26346 1
10.9022 13.5436 -1
6.61603 15.677 -1
3.28739 11.2103 -1
11.9451 2.11832 1
2.53271 7.32297 1
17.0749 17.9592 1
19.5776 0.610285 1
17.06 7.66357 1
1.68272 1.46485 1
19.672 6.67786 1
14.8072 4.77101 1
6.42991 7.56502 -1
5.22055 1.82069 1
0.269826 14.9731 1
12.4794 2.06263 1
6.60476 6.25194 -1
16.3243 3.1309 1
0.996148 2.25364 1
17.004 5.77709 1
15.6321 8.15828 -1
16.1523 11.0879 -1
14.0637 7.76686 -1
17.6799 5.98874 1
12.8246 2.82931 1
12.2191 7.07291 -1
14.3447 10.8314 -1
3.0833 0.983899 1
16.3959 5.40866 1
3.42687 15.3471 1
18.2359 10.7784 1
11.8431 7.52939 -1
6.4745 16.9687 1
12.4943 12.0484 -1
18.234 18.5387 1
0.340167 17.1894 1
1.46706 16.9216 1
0.780528 18.3382 1
10.0739 12.0964 -1
3.81234 14.0714 1
18.4406 11.5134 1
5.81131 10.6173 -1
4.28549 6.16959 -1
12.212 6.97633 -1
11.2011 16.4897 -1
1.77092 3.79374 1
1.40656 0.127499 1
2.88276 10.4839 1
3.58454 5.37903 1
5.28378 4.57746 1
13.2898 1.76352 1
19.4636 4.21185 1
8.64279 19.368 1
18.1844 4.81298 1
11.7832 19.6597 1
1.11655 5.86332 1
4.75039 19.8119 1
18.8656 14.0206 1
4.626 9.13104 -1
5.42857 17.9351 1
15.6269 1.3208 1
18.6239 12.2355 1
1.52489 8.88416 1
16.028 2.44954 1
9.35857 9.55835 -1
7.19223 19.7721 1
9.98839 14.8336 -1
8.23094 17.4123 1
7.90072 7.41764 -1
8.20176 6.99412 -1
10.1895 15.1488 -1
5.21314 17.1886 1
8.34725 12.235 -1
14.2426 15.603 1
0.387795 17.6748 1
0.099507 12.4147 1
13.1177 9.73037 -1
18.2687 1.78778 1
7.21788 10.8664 -1
11.2655 18.7602 1
3.21958 11.5582 -1
19.1106 12.1405 1
4.61842 1.82341 1
5.99774 3.96164 1
3.25597 3.05343 1
19.0195 0.985816 1
8.60795 13.8986 -1
14.0362 5.90605 -1
2.94233 11.7558 1
19.9563 6.08567 1
1.7935 3.3775 1
5.68494 6.72926 -1
18.6441 11.8141 1
19.8761 18.4331 1
4.94802 1.4243 1
18.2525 10.2931 1
15.547 18.6968 1
17.4381 1.81389 1
5.97525 6.05335 -1
18.5873 16.439 1
11.0784 14.4658 -1
7.09896 12.156 -1
5.73052 12.8338 -1
17.0348 3.35102 1
0.529819 4.662 1
14.1956 5.99846 -1
16.1115 5.14904 1
19.8677 16.6573 1
19.5005 5.22799 1
6.90172 17.1999 1
19.2324 18.8878 1
8.05095 12.3207 -1
13.3083 12.2293 -1
18.289 2.85907 1
12.4561 9.46236 -1
13.9387 7.10252 -1
12.0096 4.64215 -1
0.544206 6.47568 1
16.6972 10.3199 -1
6.83253 14.3135 -1
7.53545 8.27788 -1
6.31701 10.068 -1
13.7155 15.9388 1
2.70509 4.47628 1
12.9216 12.4971 -1
19.0918 16.094 1
11.4578 11.2451 -1
17.1214 18.861 1
16.4643 15.1299 1
7.51811 16.9083 1
17.0639 13.2949 1
7.05106 7.24835 -1
2.98626 10.1094 1
9.02702 17.159 1
11.6364 12.8806 -1
5.07048 19.5623 1
4.41268 3.88835 1
11.4326 7.05718 -1
10.0501 11.2949 -1
12.698 16.1049 -1
14.6526 6.23657 -1
18.028 16.786 1
1.64194 16.0087 1
18.7268 1.30459 1
6.16797 5.09347 -1
5.90966 3.64756 1
4.60955 12.6379 -1
5.83393 10.8705 -1
0.306256 7.2506 1
0.905647 1.216 1
17.2615 13.7402 1
11.523 7.65514 -1
19.9996 13.4248 1
9.84267 5.74461 -1
9.67817 0.933161 1
3.6292 15.9361 1
18.5968 15.9176 1
7.1104 4.56462 -1
17.5292 12.7741 1
14.5871 4.74193 -1
17.6796 0.556461 1
12.4458 17.1752 1
3.16257 13.3334 1
14.7734 17.1633 1
3.08332 1.34861 1
6.0568 16.6167 1
16.523 2.30034 1
1.73398 3.05747 1
6.93894 2.7419 1
3.16345 8.16548 1
17.2973 15.0336 1
9.29433 9.85092 -1
4.36918 12.7507 -1
0.20254 4.09089 1
15.6288 13.1846 -1
13.6823 18.4079 1
2.153 5.44852 1
13.3217 17.0773 1
18.4349 16.1873 1
19.7672 7.12029 1
10.6406 17.2858 1
3.04742 17.9055 1
17.4859 4.751 1
10.1352 2.46967 1
7.66481 2.49601 1
10.4279 1.3537 1
11.6657 5.34304 -1
0.451951 15.9414 1
6.81576 12.4963 -1
5.41429 18.0247 1
0.484626 5.10159 1
2.44192 1.40777 1
0.35209 17.5734 1
15.5333 8.90945 -1
1.16326 10.8547 1
15.3929 8.33655 -1
12.3636 15.4575 -1
14.9404 3.65483 1
6.77682 18.0495 1
18.2318 1.83477 1
17.0521 14.4614 1
13.2514 15.7869 -1
10.3677 9.43797 -1
3.90203 1.39821 1
19.7628 13.6985 1
9.92722 6.85251 -1
10.2188 7.31046 -1
6.91279 3.21113 1
9.41226 11.9257 -1
15.8124 19.1164 1
8.83994 12.9136 -1
18.9423 3.56773 1
2.84021 15.3786 1
7.51353 19.9153 1
15.6578 0.153041 1
12.1672 14.9629 -1
1.33647 2.11116 1
2.33377 3.6651 1
19.4156 17.5031 1
13.792 1.63482 1
16.4353 7.56897 -1
11.6226 1.03041 1
18.0655 6.15237 1
2.82855 19.3831 1
11.9466 6.05574 -1
18.75 11.5372 1
6.0224 18.5208 1
19.3865 9.39165 1
5.52844 16.4786 1
15.9865 5.57897 1
5.81091 4.04687 1
15.6816 0.389496 1
6.25324 18.2252 1
10.585 1.59346 1
1.26381 0.875113 1
8.02656 2.46341 1
2.45008 18.4566 1
19.6063 3.26717 1
11.3775 1.24653 1
10.5085 16.6564 -1
4.06833 16.3866 1
9.21531 1.6968 1
18.1383 10.7851 1
4.53581 13.2946 -1
3.06932 6.08325 1
1.22254 7.2683 1
18.3673 19.4834 1
17.2174 13.6673 1
6.23105 5.20461 -1
13.8957 5.61489 -1
9.50307 18.1502 1
10.9086 1.0245 -1
18.7374 19.5757 -1
8.10612 19.5798 -1
17.8636 14.3008 -1
13.8851 7.13767 -1
2.85958 1.0197 -1
18.1101 17.2822 -1
2.07687 5.92073 -1
9.78383 16.7633 -1
0.248874 2.82449 -1
11.2867 14.8057 -1
19.7078 9.81716 -1
17.0812 4.03808 -1
8.0196 5.37153 -1
19.2941 16.1101 -1
3.25258 6.0748 -1
19.199 17.3344 -1
19.7065 7.26939 -1
16.7136 5.10484 -1
16.9895 2.96054 -1
17.8783 0.570834 -1
14.0033 13.1296 -1
8.96578 7.84918 -1
1.13858 16.1072 -1
14.4631 2.13427 -1
10.7325 1.58502 -1
19.4038 0.0810089 -1
1.51699 16.0372 -1
16.7815 6.14111 -1
13.5973 9.29569 -1
12.6549 11.284 -1
10.2021 7.43793 -1
9.30123 5.76837 -1
8.96465 8.96243 -1
11.5175 14.2316 -1
10.7918 17.5816 -1
14.0449 12.5763 -1
9.49178 8.40852 -1
1.92665 1.15373 -1
10.8041 3.94856 -1
3.4887 14.6088 -1
9.55436 0.167358 -1
12.7852 1.12122 -1
4.27681 0.265087 -1
15.3197 18.7484 -1
3.55967 7.3681 -1
15.7271 6.06793 -1
3.7267 14.6083 -1
2.32546 3.97396 -1
10.3733 4.34036 -1
8.4903 16.423 -1
2.08952 18.564 -1
4.64145 8.92784 -1
10.1982 1.94171 -1
14.2751 1.73273 -1
1.95163 1.09339 -1
16.5332 13.8337 -1
2.79032 16.9219 -1
6.99435 14.0805 -1
10.4755 1.95512 -1
19.6882 18.907 -1
9.98411 2.94401 -1
19.9857 19.3889 -1
9.59493 1.99235 -1
5.45819 15.8492 -1
17.6008 17.2552 -1
7.5359 15.8457 -1
18.0966 10.1904 -1
10.047 0.546646 -1
7.4799 14.7384 -1
7.94817 4.94971 -1
9.73447 7.26283 -1
6.31293 1.49622 -1
6.96937 14.1236 -1
15.3632 9.73829 -1
11.3563 4.50591 -1
10.8339 5.53274 -1
8.79301 4.10293 -1
17.8592 19.6459 -1
8.0778 3.52979 -1
5.11618 7.61875 -1
8.32768 3.3926 -1
19.4291 5.4351 -1
7.71874 8.7963 -1
19.4174 7.48446 -1
11.3815 9.61519 -1
2.53364 2.95739 -1
4.85277 0.487095 -1
6.60013 8.40977 -1
3.06817 6.8116 -1
2.57302 4.72293 -1
18.2825 13.438 -1
12.117 11.0043 -1
9.75223 5.73488 -1
6.10877 10.0993 -1
18.6285 9.08196 -1
0.543648 17.0944 -1
4.98134 1.33231 -1
12.0924 16.8814 -1
5.53798 16.8373 -1
4.7582 11.0523 -1
16.035 19.6685 -1
8.68822 2.93521 -1
12.0241 9.10442 -1
18.0641 2.75027 -1
3.79595 18.5729 -1
14.6681 6.77312 -1
15.7494 0.607598 -1
11.9006 13.5799 -1
18.0768 16.8196 -1
7.46934 17.1393 -1
19.8445 6.73633 -1
17.4808 0.00457386 -1
16.8731 6.24723 -1
17.2683 8.36379 -1
10.2914 7.19505 -1
7.27474 6.48579 -1
6.67298 12.7257 -1
0.12577 13.8197 -1
7.53843 18.3327 -1
17.2871 4.803 -1
4.01821 14.0484 -1
11.2147 5.84642 -1
0.836636 1.34807 -1
17.0587 4.9909 -1
1.97198 3.07066 -1
8.58579 1.30177 -1
18.8028 18.3996 -1
2.49974 13.0492 -1
17.2887 11.6423 -1
11.8166 1.604 -1
18.4581 5.84437 -1
6.33268 13.3322 -1
14.9868 3.32729 -1
1.70775 2.08508 -1
3.92717 4.0018 -1
18.3243 16.5231 -1
4.56075 12.478 -1
16.9866 14.27 -1
16.5754 2.95565 -1
15.5915 7.00479 -1
9.42151 7.29654 -1
12.9209 2.20576 -1
12.1619 5.3195 -1
4.88033 3.63864 -1
14.5497 17.0724 -1
16.5162 7.52804 -1
3.74767 7.01644 -1
5.31131 7.10336 -1
6.10861 7.33673 -1
8.42003 15.5153 -1
6.22008 0.914903 -1
16.7677 15.5237 -1
6.42463 18.8361 -1
17.6396 8.274 -1
1.16719 16.9044 -1
12.7714 8.78057 -1
15.114 0.625615 -1
14.7183 11.048 -1
4.09107 18.551 -1
6.76394 1.5975 -1
9.19419 6.7841 -1
0.429514 18.8405 -1
11.5853 14.127 -1
11.8208 11.7729 -1
6.80529 16.4816 -1
5.82047 4.55271 -1
17.3637 11.2429 -1
19.0998 9.87089 -1
0.02431 8.57796 -1
9.69135 2.52679 -1
7.7321 13.4593 -1
10.01 18.3029 -1
16.2035 12.6556 -1
3.04046 1.00598 -1
7.52872 15.1834 -1
7.40172 0.69599 -1
17.5031 14.9406 -1
6.12061 9.07235 -1
19.0623 0.542362 -1
15.4806 2.33333 -1
16.3382 16.3691 -1
14.9125 14.7115 -1
15.6025 11.2242 -1
5.34016 12.052 -1
17.3212 17.2701 -1
19.1775 15.6093 -1
6.24539 6.22814 -1
16.3422 4.02302 -1
14.9068 19.1344 -1
12.4569 3.02061 -1
7.37209 2.65058 -1
8.3251 19.9489 -1
1.05942 5.62791 -1
8.35544 9.82746 -1
10.1116 5.64253 -1
14.0701 16.0242 -1
18.3498 5.93537 -1
15.7364 1.70875 -1
18.8889 6.08134 -1
9.07698 16.8496 -1
10.4033 7.45053 -1
1.03254 13.8429 -1
17.9971 16.9984 -1
12.5962 4.09568 -1
16.0801 18.5086 -1
13.7039 1.61204 -1
13.6253 0.783566 -1
9.39493 0.511657 -1
19.4247 10.505 -1
17.0428 18.1053 -1
15.5353 1.98745 -1
2.99409 1.63688 -1
11.0025 18.4101 -1
18.9855 8.58708 -1
3.08897 16.3282 -1
7.60766 1.90999 -1
1.14002 0.250811 -1
15.3858 8.99271 -1
0.524498 15.2357 -1
6.59773 8.01757 -1
11.2821 17.5195 -1
10.8962 11.7 -1
1.16346 14.2919 -1
4.15869 15.0819 -1
2.32856 16.1729 -1
17.4359 4.70938 -1
10.5832 11.445 -1
16.6578 8.27717 -1
14.3344 17.8221 -1
16.6309 15.0678 -1
4.09858 4.82447 -1
4.79145 9.88371 -1
15.5367 5.18872 -1
6.76704 13.6145 -1
19.3186 6.88543 -1
3.49333 12.3519 -1
17.5421 10.5233 -1
4.69767 13.8187 -1
10.975 17.0194 -1
4.40745 16.0098 -1
16.7476 17.5848 -1
7.87075 3.71423 -1
5.09518 14.6908 -1
8.60195 12.9577 -1
0.152082 16.0388 -1
4.51984 5.0006 -1
5.0923 6.26626 -1
16.9531 10.8114 -1
6.67182 13.3447 -1
5.20872 3.02402 -1
4.69774 14.8566 -1
15.5165 5.39719 -1
10.5879 11.6008 -1
15.1149 16.6418 -1
18.9095 12.0036 -1
4.06704 14.7363 -1
13.6012 15.5819 -1
5.10538 6.12086 -1
13.3595 12.8319 -1
6.02575 14.8499 -1
1.57064 17.8013 -1
6.46894 3.42713 -1
19.6967 1.67704 -1
5.99222 11.2404 -1
18.2493 15.2319 -1
2.48458 18.3494 -1
17.819 3.15783 -1
13.6533 11.1831 -1
14.4901 15.2632 -1
8.75986 6.95998 -1
16.3199 8.41787 -1
19.1784 12.0543 -1
16.0766 19.2432 -1
1.17244 5.19762 -1
16.3283 10.2229 -1
16.5773 14.2145 -1
2.77889 4.88584 -1
16.3944 0.953452 -1
4.6695 0.284703 -1
4.99568 2.33627 -1
5.69443 6.27621 -1
4.31641 5.90343 -1
18.9085 15.4369 -1
7.50785 4.50242 -1
12.175 4.5491 -1
16.6789 3.01815 -1
6.10411 11.786 -1
6.79748 5.32227 -1
11.3826 6.97596 -1
4.91681 16.9073 -1
0.921407 6.08381 -1
10.6256 4.65925 -1
7.93772 9.27088 -1
15.7425 4.3713 -1
8.45564 14.0073 -1
1.35549 1.74165 -1
11.9091 16.1446 -1
2.53335 18.0324 -1
10.7534 13.1699 -1
7.24511 8.64262 -1
16.4314 2.57551 -1
6.58399 17.0807 -1
14.7369 3.25066 -1
13.7824 1.13133 -1
14.2145 3.39718 -1
16.3711 9.21487 -1
14.3139 13.2813 -1
18.0604 1.52036 -1
12.6489 10.1105 -1
7.01499 0.980532 -1
19.7968 5.17086 -1
6.6336 10.977 -1
10.8177 12.9763 -1
12.7058 6.51535 -1
3.55492 7.49609 -1
6.83025 15.9523 -1
9.80535 18.5669 -1
14.3494 10.1432 -1
16.5053 4.8706 -1
0.140773 5.97122 -1
18.3044 1.72422 -1
18.9675 6.21139 -1
14.8752 6.90251 -1
10.4357 13.3089 -1
3.49664 7.98106 -1
17.6172 12.705 -1
13.1434 0.720852 -1
15.3547 6.38784 -1
0.505773 0.518776 -1
19.0766 19.6714 -1
17.8901 18.9172 -1
0.89104 15.7158 -1
15.2002 9.08778 -1
18.2438 3.81114 -1
13.7967 1.90817 -1
10.5899 5.12555 -1
5.12271 17.3758 -1
14.2686 12.4311 -1
8.87923 13.1726 -1
11.3478 2.49409 -1
18.2067 0.279916 -1
4.55422 2.74991 -1
17.7355 0.97127 -1
4.13081 6.45696 -1
2.11146 7.37207 -1
2.4316 7.89779 -1
18.112 8.02873 -1
18.8006 1.8774 -1
